--- Sample Output --- 
Timestep: 0  1615570074   2032656911   1362443849   
Timestep: 1  2032656911   1362443849   517582244   
Timestep: 2  1362443849   517582244   392818038   
Timestep: 3  517582244   392818038   2113173835   
Timestep: 4  392818038   2113173835   1719278757   
Timestep: 5  2113173835   1719278757   561806205   
Timestep: 6  1719278757   561806205   331986387   
Timestep: 7  561806205   331986387   979922303   
Timestep: 8  331986387   979922303   217071911   
Timestep: 9  979922303   217071911   1480868816   
Timestep: 10  217071911   1480868816   32881375   
Timestep: 11  1480868816   32881375   1411358576   
Timestep: 12  32881375   1411358576   346330141   
Timestep: 13  1411358576   346330141   751546011   
Timestep: 14  346330141   751546011   338319464   
Timestep: 15  751546011   338319464   1312054367   
Timestep: 16  338319464   1312054367   914186669   
Timestep: 17  1312054367   914186669   932096636   
Timestep: 18  914186669   932096636   1498458299   
Timestep: 19  932096636   1498458299   1386972684   
Timestep: 20  1498458299   1386972684   314309982   
Timestep: 21  1386972684   314309982   878538118   
Timestep: 22  314309982   878538118   36661877   
Timestep: 23  878538118   36661877   101428401   
Timestep: 24  36661877   101428401   1572775616   
Timestep: 25  101428401   1572775616   1347675616   
Timestep: 26  1572775616   1347675616   1690294937   
Timestep: 27  1347675616   1690294937   917296328   
Timestep: 28  1690294937   917296328   1623376442   
Timestep: 29  917296328   1623376442   429297550   
Timestep: 30  1623376442   429297550   144335530   
Timestep: 31  429297550   144335530   978457292   
Timestep: 32  144335530   978457292   1372848171   
Timestep: 33  978457292   1372848171   2134985487   
Timestep: 34  1372848171   2134985487   1394528314   
Timestep: 35  2134985487   1394528314   1695231002   
Timestep: 36  1394528314   1695231002   1434396951   
Timestep: 37  1695231002   1434396951   560208727   
Timestep: 38  1434396951   560208727   2032367447   
Timestep: 39  560208727   2032367447   1867953948   
Timestep: 40  2032367447   1867953948   99639654   
Timestep: 41  1867953948   99639654   1187199044   
Timestep: 42  99639654   1187199044   1626469640   
Timestep: 43  1187199044   1626469640   1073208894   
Timestep: 44  1626469640   1073208894   811246954   
Timestep: 45  1073208894   811246954   94204347   
Timestep: 46  811246954   94204347   1849477326   
Timestep: 47  94204347   1849477326   1179697043   
Timestep: 48  1849477326   1179697043   997313346   
Timestep: 49  1179697043   997313346   1530047629   
Timestep: 50  997313346   1530047629   516283713   
Timestep: 51  1530047629   516283713   720147458   
Timestep: 52  516283713   720147458   1031200914   
Timestep: 53  720147458   1031200914   462075053   
Timestep: 54  1031200914   462075053   269073575   
Timestep: 55  462075053   269073575   2129486262   
Timestep: 56  269073575   2129486262   2056549972   
Timestep: 57  2129486262   2056549972   181817491   
Timestep: 58  2056549972   181817491   2035083145   
Timestep: 59  181817491   2035083145   583962998   
Timestep: 60  2035083145   583962998   2030274447   
Timestep: 61  583962998   2030274447   262087480   
Timestep: 62  2030274447   262087480   1901673165   
Timestep: 63  262087480   1901673165   1476983145   
Timestep: 64  1901673165   1476983145   890090387   
Timestep: 65  1476983145   890090387   1279263253   
Timestep: 66  890090387   1279263253   737427254   
Timestep: 67  1279263253   737427254   1073060090   
Timestep: 68  737427254   1073060090   48311005   
Timestep: 69  1073060090   48311005   442319025   
Timestep: 70  48311005   442319025   347359315   
Timestep: 71  442319025   347359315   121502034   
Timestep: 72  347359315   121502034   1746820715   
Timestep: 73  121502034   1746820715   129253589   
Timestep: 74  1746820715   129253589   1652510321   
Timestep: 75  129253589   1652510321   1756533350   
Timestep: 76  1652510321   1756533350   465553707   
Timestep: 77  1756533350   465553707   713364742   
Timestep: 78  465553707   713364742   1915506303   
Timestep: 79  713364742   1915506303   1214186848   
Timestep: 80  1915506303   1214186848   1724399487   
Timestep: 81  1214186848   1724399487   921958977   
Timestep: 82  1724399487   921958977   31539751   
Timestep: 83  921958977   31539751   1955920511   
Timestep: 84  31539751   1955920511   430793890   
Timestep: 85  1955920511   430793890   1479755437   
Timestep: 86  430793890   1479755437   64069054   
Timestep: 87  1479755437   64069054   1860999178   
Timestep: 88  64069054   1860999178   1849465305   
Timestep: 89  1860999178   1849465305   1493757415   
Timestep: 90  1849465305   1493757415   1843097936   
Timestep: 91  1493757415   1843097936   1266128954   
Timestep: 92  1843097936   1266128954   2035879272   
Timestep: 93  1266128954   2035879272   736448209   
Timestep: 94  2035879272   736448209   988502865   
Timestep: 95  736448209   988502865   1782839992   
Timestep: 96  988502865   1782839992   799049027   
Timestep: 97  1782839992   799049027   611583060   
Timestep: 98  799049027   611583060   1717451719   
Timestep: 99  611583060   1717451719   136142498   
Timestep: 100  1717451719   136142498   1198385816   
Timestep: 101  136142498   1198385816   1705842841   
Timestep: 102  1198385816   1705842841   763515671   
Timestep: 103  1705842841   763515671   1064496605   
Timestep: 104  763515671   1064496605   1771351176   
Timestep: 105  1064496605   1771351176   1430312862   
Timestep: 106  1771351176   1430312862   376463641   
Timestep: 107  1430312862   376463641   24475781   
Timestep: 108  376463641   24475781   1099915205   
Timestep: 109  24475781   1099915205   445370791   
Timestep: 110  1099915205   445370791   928675038   
Timestep: 111  445370791   928675038   2058703219   
Timestep: 112  928675038   2058703219   1344817795   
Timestep: 113  2058703219   1344817795   1987910719   
Timestep: 114  1344817795   1987910719   1078213862   
Timestep: 115  1987910719   1078213862   1516642127   
Timestep: 116  1078213862   1516642127   1031465580   
Timestep: 117  1516642127   1031465580   809228348   
Timestep: 118  1031465580   809228348   173185576   
Timestep: 119  809228348   173185576   666251146   
Timestep: 120  173185576   666251146   906610314   
Timestep: 121  666251146   906610314   270196095   
Timestep: 122  906610314   270196095   69422780   
Timestep: 123  270196095   69422780   362649131   
Timestep: 124  69422780   362649131   650189450   
Timestep: 125  362649131   650189450   813777006   
Timestep: 126  650189450   813777006   798783778   
Timestep: 127  813777006   798783778   1821985276   
Timestep: 128  798783778   1821985276   729076168   
Timestep: 129  1821985276   729076168   1208593658   
Timestep: 130  729076168   1208593658   237730863   
Timestep: 131  1208593658   237730863   532990507   
Timestep: 132  237730863   532990507   916757410   
Timestep: 133  532990507   916757410   1270035563   
Timestep: 134  916757410   1270035563   703286489   
Timestep: 135  1270035563   703286489   1014541486   
Timestep: 136  703286489   1014541486   1202073482   
Timestep: 137  1014541486   1202073482   662048725   
Timestep: 138  1202073482   662048725   1205841355   
Timestep: 139  662048725   1205841355   869736169   
Timestep: 140  1205841355   869736169   48118347   
Timestep: 141  869736169   48118347   664943397   
Timestep: 142  48118347   664943397   1624529003   
Timestep: 143  664943397   1624529003   1015051375   
Timestep: 144  1624529003   1015051375   870488379   
Timestep: 145  1015051375   870488379   2016966148   
Timestep: 146  870488379   2016966148   2083453748   
Timestep: 147  2016966148   2083453748   418588411   
