3
7 5 5 1
1 1 2
-2.5223 -0.88014 -0.10878 1.5008 0.45078 -2.0986 0.73146 1.7208
0.46109 -1.7041 -2.6332 -1.9582 1.0449 0.28534 -1.8892 -2.5739
-0.88561 0.88528 -0.36234 -0.47667 -0.17079 -0.69532 -1.8997 2.1289
-0.39061 0.31699 0.61731 1.9696 1.9395 3.3833 2.8375 0.95624
0.22488 -0.030997 -0.24479 0.33612 -0.39179 2.014 -3.427 0.91871
-0.72724 -0.15706 -0.9024 2.1203 -2.5992 1.8458
-0.32507 0.74687 -1.7225 -0.96101 -2.1072 -1.6475
-1.2827 -0.46023 0.70399 -1.0524 1.7939 0.01044
0.50768 1.4647 0.80295 0.63471 -0.28831 0.79747
0.28499 -1.2389 1.6053 1.2882 -1.4703 -1.3589
4.144 4.0294 -0.77093 -1.5043 1.3422 -1.1321