0.0,0.0,
0.0,271.698113208,
0.0,1177.64328943,
0.0,2700.62131827,
0.0,4454.75215009,
0.0,4886.11804623,
0.0,4019.96894601,
0.0,3008.67748751,
0.0,2358.98174458,
0.0,1850.50840064,
0.0,1350.02877739,
0.0,917.926157211,
0.0,610.448650408,
0.0,276.063131155,
0.0,15.626214971,
0.0,0.88450273421,
0.0,0.0,0.0,
0.0,0.0,0.0,
0.0,0.0,0.0387687278107,
0.0,0.0,0.165974536151,
0.0,0.0,0.418789176343,
0.0,0.0,1.50615174547,
0.0,0.0,4.06154574385,
0.0,0.0,7.96239334035,
0.0,0.0,11.5237069024,
0.0,0.0,13.7308582271,
0.0,0.0,14.3217213315,
0.0,0.0,13.4391869553,
0.0,0.0,11.9661081934,
