ncols         63
nrows         108
xllcorner     277817.66651537
yllcorner     3880780.93501313
cellsize      6.096
NODATA_value  -9999
-9999 -9999 -9999 -9999 -9999 -9999 -9999 -9999 -9999 -9999 -9999 -9999 -9999 -9999 -9999 -9999 -9999 -9999 -9999 -9999 -9999 -9999 -9999 -9999 -9999 -9999 -9999 -9999 -9999 -9999 -9999 -9999 -9999 -9999 -9999 -9999 -9999 -9999 -9999 -9999 -9999 -9999 -9999 -9999 -9999 -9999 -9999 -9999 -9999 -9999 -9999 -9999 -9999 -9999 -9999 -9999 -9999 -9999 -9999 -9999 -9999 -9999
-9999 -9999 -9999 -9999 -9999 -9999 -9999 -9999 -9999 -9999 -9999 -9999 -9999 -9999 -9999 -9999 -9999 -9999 -9999 -9999 -9999 -9999 -9999 -9999 -9999 -9999 -9999 -9999 -9999 -9999 -9999 -9999 -9999 -9999 -9999 -9999 -9999 -9999 -9999 -9999 -9999 -9999 -9999 -9999 -9999 -9999 -9999 -9999 -9999 -9999 -9999 -9999 -9999 -9999 -9999 -9999 -9999 -9999 -9999 -9999 -9999 -9999
-9999 -9999 -9999 -9999 -9999 4.40998110208 4.29015267237 3.93084183923 4.04301452597 4.19566524673 3.79362577693 3.57403389969 3.73337783334 3.94704964605 3.75765633105 3.92762832905 3.47292070607 3.41917282103 3.39266296432 3.32890875879 3.46626926817 3.14393103283 2.98464866044 2.90722971724 2.63135590728 2.87001617695 2.59022321792 2.39386497462 1.90970414712 1.39197181578 1.52807202297 1.8235062602 1.32791012803 -9999 -9999 -9999 1.02655842534 0.866681583393 -3.9163160689 -4.26364716016 2.30258509299 2.30258509299 2.30258509299 2.30258509299 2.30258509299 2.30258509299 2.30258509299 2.30258509299 2.30258509299 2.30258509299 2.30258509299 2.30258509299 2.30258509299 2.30258509299 2.30258509299 2.30258509299 2.30258509299 2.30258509299 2.30258509299 2.30258509299 2.30258509299 2.30258509299
2.30258509299 -9999 -9999 -9999 -9999 -9999 -9999 3.53180286904 3.55820953681 3.65698130273 4.12340558358 3.27830406877 3.39153999212 2.95243158302 2.71742660486 2.70121914867 2.88061329628 2.80791257616 2.41783628945 2.48266118356 2.26252752212 2.37297160406 1.98442214477 2.42061691027 1.91510397086 1.33405392673 1.51256298633 2.58257116004 2.15959809077 1.57583274407 1.024373876 1.21737043985 2.14657723596 -9999 -9999 -9999 -9999 1.45909958279 0.826345115255 0.866681583393 -3.91669484515 -4.26516064885 2.30258509299 2.30258509299 2.30258509299 2.30258509299 2.30258509299 2.30258509299 2.30258509299 2.30258509299 2.30258509299 2.30258509299 2.30258509299 2.30258509299 2.30258509299 2.30258509299 2.30258509299 2.30258509299 2.30258509299 2.30258509299 2.30258509299 2.30258509299
2.30258509299 2.30258509299 -9999 -9999 -9999 -9999 -9999 -9999 -9999 -9999 5.33318622386 4.27886182974 3.73129014057 3.14201384507 2.64525262477 2.75332258246 2.64509635697 2.61642298471 2.20080366961 2.57240729468 2.32033784045 2.12853265624 1.74875516149 1.29703430647 1.43127255499 1.45510319466 1.71534590752 1.72425503153 1.75450782666 1.32791012803 0.780325204347 0.669443645046 1.52807202297 -9999 -9999 -9999 -9999 -9999 1.85507184039 1.5409142495 1.02542574975 1.01740026242 -3.9163160689 -4.26667185036 2.30258509299 2.30258509299 2.30258509299 2.30258509299 2.30258509299 2.30258509299 2.30258509299 2.30258509299 2.30258509299 2.30258509299 2.30258509299 2.30258509299 2.30258509299 2.30258509299 2.30258509299 2.30258509299 2.30258509299 2.30258509299
2.30258509299 2.30258509299 2.30258509299 -9999 -9999 -9999 -9999 -9999 -9999 -9999 -9999 -9999 4.42905078714 3.95080801415 4.05213485009 3.32376441788 3.09851890892 2.69364257075 2.57380731607 2.41686842074 2.44327332181 2.36259265629 2.2472031724 1.96602696125 1.54603813796 1.18149847381 1.47003591213 2.34481716357 2.0274577454 1.50457908824 0.926679341558 1.41410366335 1.58598330709 -9999 -9999 -9999 -9999 -9999 -9999 2.00813534991 2.01877159331 2.22785513336 1.88150860132 1.04736646753 -3.91858703206 -4.26818066472 2.30258509299 2.30258509299 2.30258509299 2.30258509299 2.30258509299 2.30258509299 2.30258509299 2.30258509299 2.30258509299 2.30258509299 2.30258509299 2.30258509299 2.30258509299 2.30258509299 2.30258509299 2.30258509299
2.30258509299 2.30258509299 2.30258509299 2.30258509299 -9999 -9999 -9999 -9999 -9999 -9999 2.78278849268 3.95296622576 2.0617020951 -9999 3.90554435935 3.92718372733 3.55889370464 3.12964037036 2.30482447144 2.48751480084 2.14432719693 1.84907355447 1.60604656244 1.54479627499 1.45088520856 1.27584573907 1.44157556821 2.73833061955 2.26730573615 1.56491591085 1.92996414213 1.49642310122 2.25256466834 -9999 -9999 -9999 -9999 -9999 -9999 3.39780439809 3.38527256651 2.91128244064 2.22812475024 1.67545086736 1.70241502913 1.0776787665 -4.2678036745 2.30258509299 2.30258509299 2.30258509299 2.30258509299 2.30258509299 2.30258509299 2.30258509299 2.30258509299 2.30258509299 2.30258509299 2.30258509299 2.30258509299 2.30258509299 2.30258509299 2.30258509299
2.30258509299 2.30258509299 2.30258509299 2.30258509299 2.30258509299 -9999 -9999 -9999 -9999 -9999 2.75594066362 2.57035791697 3.2127100745 4.15451871305 2.00582778007 -9999 3.73437313914 3.97528427993 3.50266240614 3.15519411982 2.84085050779 2.43796987999 2.39596244964 2.30947701615 2.19643832127 1.95533091129 1.87695027127 2.45698202993 2.58920136678 2.06113624698 2.09651205023 2.10554586555 1.59817430412 -9999 -9999 -9999 -9999 -9999 -9999 4.00677535197 4.12794208959 3.77845886478 3.36490014769 3.02361878314 2.49845833905 2.35143328769 1.69929222009 -3.92047564536 -4.27081573092 2.30258509299 2.30258509299 2.30258509299 2.30258509299 2.30258509299 2.30258509299 2.30258509299 2.30258509299 2.30258509299 2.30258509299 2.30258509299 2.30258509299 2.30258509299
2.30258509299 2.30258509299 2.30258509299 2.30258509299 2.30258509299 2.30258509299 -9999 -9999 -9999 -9999 -9999 2.00941638979 1.94417581761 3.18554746842 2.71748109432 4.32350796424 3.62350460495 -9999 3.34862787247 3.74852798531 3.45901676469 2.81830618544 2.47408297068 2.19845639514 1.86394049284 2.11582561038 2.2579740186 2.72210658257 1.92724750063 2.20933292097 2.12764952009 2.31275788716 1.98950006536 1.87099583517 -9999 -9999 -9999 -9999 -9999 4.91080413178 4.5483122015 4.26932189967 3.97822205938 3.66704621491 3.4333194978 3.51952712643 2.83660330483 2.22219842481 1.51854796568 -3.92424212957 -4.27269360295 2.30258509299 2.30258509299 2.30258509299 2.30258509299 2.30258509299 2.30258509299 2.30258509299 2.30258509299 2.30258509299 2.30258509299 2.30258509299
2.30258509299 2.30258509299 2.30258509299 2.30258509299 2.30258509299 2.30258509299 2.30258509299 -9999 -9999 -9999 -9999 -9999 1.69983343296 1.77961388868 2.02371721688 1.91674333748 3.21293048366 2.48246931893 2.42572370394 -9999 -9999 3.51641402809 2.99550459483 3.05024037414 2.55555366795 2.41905794962 2.4030116516 2.79042244007 2.07337186189 2.26537043289 2.0852014827 2.56322935107 2.45775700875 2.36939068165 1.99753998083 -9999 -9999 -9999 2.79037929955 3.03599151087 2.58390523841 2.465453023 2.15098383864 2.79184305132 3.12442139398 2.9624356436 2.93537475829 2.26380088655 1.99156996291 1.20378890117 1.56394402124 -4.27830636447 2.30258509299 2.30258509299 2.30258509299 2.30258509299 2.30258509299 2.30258509299 2.30258509299 2.30258509299 2.30258509299 2.30258509299
2.30258509299 2.30258509299 2.30258509299 2.30258509299 2.30258509299 2.30258509299 2.30258509299 2.30258509299 -9999 -9999 -9999 -9999 2.05471790027 1.61595142591 1.38406869891 1.8516421358 1.64922503605 2.14837968057 1.74849432516 1.60463466293 -9999 -9999 -9999 3.79983579401 3.3181502256 2.95260989883 2.59102677732 3.15930087265 2.22650033587 2.47818919904 2.74895760062 3.38131208965 2.58627780763 2.73495639487 2.83610352134 -9999 -9999 2.22082441917 2.05535995576 2.02743069798 2.06439757221 1.74272156775 2.02279592547 1.99332812428 1.85753013342 2.09034078151 2.23943786323 2.04086560556 1.09057264496 1.16849122014 1.33005716389 1.32791012803 -3.9354572046 -4.28648185208 2.30258509299 2.30258509299 2.30258509299 2.30258509299 2.30258509299 2.30258509299 2.30258509299 2.30258509299
2.30258509299 2.30258509299 2.30258509299 2.30258509299 2.30258509299 2.30258509299 2.30258509299 2.30258509299 2.30258509299 -9999 -9999 -9999 -9999 1.68657353293 1.26285458232 1.25157180883 1.96134765652 1.20110889268 1.8235061679 1.12810621455 2.44018529288 3.56706101903 2.95509485589 3.50307123505 -9999 3.96346437421 3.27402814592 3.10386248542 3.85694495028 3.0938315974 3.74751533788 -9999 -9999 -9999 -9999 -9999 -9999 2.15877730509 1.61445801239 1.65611796799 1.36753046448 1.17021275415 1.48095647892 1.60190060794 1.70149820528 1.92919593932 1.81108650437 1.83084998094 2.34931964024 2.72379065623 1.96799546897 2.01252277248 1.77210953615 0.599923148701 -3.94101788829 -4.28980717652 2.30258509299 2.30258509299 2.30258509299 2.30258509299 2.30258509299 2.30258509299
2.30258509299 2.30258509299 2.30258509299 2.30258509299 2.30258509299 2.30258509299 2.30258509299 2.30258509299 2.30258509299 2.30258509299 -9999 -9999 -9999 -9999 9.72982095087 1.5745428427 1.47539801102 2.16533206941 2.11417840866 1.31268059951 1.35110718519 1.99089741442 2.18687051597 2.91511167329 3.2205732254 2.00582778007 -9999 -9999 -9999 -9999 -9999 -9999 -9999 2.57588131031 -9999 -9999 -9999 -9999 1.9973677744 1.9482765242 1.3633312779 1.57577186906 1.23944579016 1.22624333507 1.4950460582 1.75245692568 1.69074910706 1.53471403722 1.17080090413 1.28080527459 1.23161548524 2.0099304666 0.93733680085 2.16795150474 1.18602930876 0.507961712118 -3.94360229538 -4.29238583554 -4.29459093866 2.30258509299 2.30258509299 2.30258509299
2.30258509299 2.30258509299 2.30258509299 2.30258509299 2.30258509299 2.30258509299 2.30258509299 2.30258509299 2.30258509299 2.30258509299 2.30258509299 -9999 -9999 -9999 -9999 10.7031284995 9.35786803479 2.38147599975 1.78989570095 1.64544284424 1.36536083895 1.23417874586 1.04621406246 1.79750807996 2.60299881683 2.50488298726 2.23752972735 8.4155525615 7.369535266 5.93545720819 5.90613897937 3.92156444727 3.51086255532 3.25498987957 3.05111047795 3.05674904415 2.78959902615 1.67298978808 2.92603736676 -9999 3.80630747116 1.94338653125 2.07019480254 1.97382705904 1.92320207988 1.93544351031 1.51268648021 1.67255543579 1.59694438154 1.80341441699 1.87403661949 2.19076079553 2.75041490919 2.26373172597 1.0020911125 2.44649273807 0.481273812846 0.897544837745 1.12689881214 -3.9476502071 -4.29569161748 2.30258509299
2.30258509299 2.30258509299 2.30258509299 2.30258509299 2.30258509299 2.30258509299 2.30258509299 2.30258509299 2.30258509299 2.30258509299 2.30258509299 2.30258509299 -9999 -9999 -9999 -9999 2.32215845049 3.27781683353 2.30258509299 1.94550161288 1.24451331166 1.41535755317 1.75847976048 1.55982876395 1.23417874586 1.89425607324 2.04272464123 2.58880579407 4.61456702765 5.11901769227 5.25918557802 6.19589058066 6.1178974763 3.20870969228 2.58340993019 2.84676354553 2.9187654116 2.71063455289 1.87457008748 1.7710692915 2.63765251149 -9999 4.60636823401 2.82427242168 2.2297246533 2.39785893698 2.05738363083 2.11782262539 2.19903522399 2.25154408474 2.23820651508 2.6050069731 2.8878808034 2.19761497455 1.9480816522 1.73680539795 1.54523728471 1.33426790041 1.26221173971 0.607187116355 0.753473115959 -3.94911806844
-4.29642483478 -4.29898661085 2.30258509299 2.30258509299 2.30258509299 2.30258509299 2.30258509299 2.30258509299 2.30258509299 2.30258509299 2.30258509299 2.30258509299 2.30258509299 -9999 -9999 -9999 -9999 1.74248715162 0.951306975003 3.67617469518 8.68181923492 2.05743342393 1.77903436236 1.1892505451 1.56394402124 1.88239772566 1.37094746986 2.50947934726 3.83476145951 3.4884794532 3.78273929072 4.87673116159 4.65287808168 5.43040566129 6.05293759596 3.36446310815 2.64699894313 2.77590244315 2.10086985573 1.95556248276 2.09507213437 1.59652299977 1.75473611757 -9999 4.11402049595 2.85101327666 2.73915828935 2.55241933118 2.31424409617 2.41308749713 2.3760322703 2.86404524341 3.02749046251 2.17908225457 1.91988186885 2.11459943145 1.79141858877 1.5838837385 1.47264302406 1.51407958136 1.45166413229 1.18359077662
0.825400853156 1.07146752032 -3.95241304632 -4.30227067959 2.30258509299 2.30258509299 2.30258509299 2.30258509299 2.30258509299 2.30258509299 2.30258509299 2.30258509299 2.30258509299 2.30258509299 -9999 -9999 -9999 -9999 1.49725757739 1.96164006849 1.17333894664 3.03316286239 9.70860322708 2.51665334846 2.00582778007 1.07146752032 1.39688988729 1.32278192374 1.39394009493 2.94760084693 3.32093636371 4.57245365625 3.67731928908 3.9835933738 4.32511902806 5.53199458182 6.04679747232 3.52712495199 2.68154968634 2.5228277108 1.95062749198 2.07939004459 1.26858624469 1.50726860485 3.03721641607 -9999 3.52787645805 2.67530527937 2.69010882778 2.58358990623 2.4683021765 3.23507974833 3.3449190674 2.58781937967 2.070111537 2.45824692072 2.15299612323 1.93509034677 2.51495433318 2.14721391871 1.88457558646 1.86179661207
2.01255075761 1.92896926501 1.50493029307 1.10004674912 -3.95642537474 -4.30663269385 -4.30953020262 2.30258509299 2.30258509299 2.30258509299 2.30258509299 2.30258509299 2.30258509299 2.30258509299 2.30258509299 -9999 -9999 -9999 -9999 1.10004674912 1.84425286694 1.68144586058 1.8730378365 3.21514569472 9.70257033052 2.30258509299 1.94586514856 1.08816120709 1.12689881214 1.47693258493 1.9997684878 3.53749776606 3.56265828644 2.90547332417 2.7281445269 2.88278886652 4.47571937285 6.1151192079 4.57730002044 3.56340103739 2.93367575368 2.53473973705 2.2739224968 2.02377302876 1.87142456337 2.38191459739 2.95458462844 -9999 -9999 -9999 -9999 4.34560916705 4.70413319813 2.92714147648 2.29013600587 2.60559540865 2.77912746357 2.18879707421 2.91299289925 2.67519442311 2.52632833878 2.53585114217
3.18659987995 2.5170060541 2.05729198069 1.79692546255 1.45540767956 1.3249389309 0.953760691342 -3.96331828346 -4.31350057997 2.30258509299 2.30258509299 2.30258509299 2.30258509299 2.30258509299 2.30258509299 2.30258509299 -9999 -9999 -9999 -9999 -3.8509435015 1.80909208902 1.28684048034 1.54427155012 1.77992113939 2.29625354476 4.16428753032 10.6087779852 2.03458864257 0.834924842413 1.56394402124 1.36536083895 2.2671713928 2.57572425544 2.34460337945 2.16138303329 2.56984931844 2.8675859134 5.12161587529 5.91958023889 4.55758145327 3.68906072827 2.98952370594 3.24285340622 3.12505340147 1.71193451644 2.53567221844 4.73943157189 5.27436478823 3.88223825073 -9999 -9999 -9999 -9999 -9999 -9999 4.61415656354 4.18142787241 4.19725308044 3.65697480775 3.64567273398 3.76603125129
3.44151211939 2.71373625027 2.50776410947 2.15970568526 1.88493706207 2.29835465865 1.84771968182 1.23669316366 1.05031638616 -3.96692702184 -4.31745535747 2.30258509299 2.30258509299 2.30258509299 2.30258509299 2.30258509299 2.30258509299 -9999 -9999 -9999 -9999 -4.20074808235 1.30770552258 1.15893825572 1.20812907849 1.60159340807 1.74757474779 2.00038556663 3.4362079149 10.1971042524 1.78528636021 1.19638435492 1.55982876395 1.47371147879 1.87240332138 2.07713024327 1.77676954806 2.49489896852 1.92582421018 2.63269184405 6.24113577257 4.42771620865 4.43385731205 4.57680788012 4.14578304838 4.00163211893 4.06214826243 3.60925332294 4.76434267244 3.98882513086 3.68479555829 3.1025905266 2.51062952127 2.14014412196 2.58811116736 5.13698505344 -9999 -9999 -9999 -9999 -9999 -9999
3.43291611659 3.01554453599 2.98608986344 2.81067595899 2.48992023514 2.6172931989 2.72633222636 2.66032038652 1.95397762283 1.45152606221 1.30173098043 -3.97159906816 -4.32210897201 2.30258509299 2.30258509299 2.30258509299 2.30258509299 2.30258509299 -9999 -9999 -9999 -9999 -4.20276222864 -4.20396881762 -3.85699316957 1.23417874586 1.11329246533 1.78201884832 1.77920024759 2.07700382433 9.55756053266 3.06780019495 1.92917234639 1.55536658629 1.15527527574 1.36536083895 1.62691971921 1.43601051865 2.19341986155 1.8154671763 2.1004181729 4.37991289042 6.14994079001 3.8423712702 3.44141764255 3.23620818312 3.4731116338 3.81216908675 4.42370316353 4.26678827004 4.53805720785 3.71702563803 3.24410965343 2.91525313963 1.90764318606 2.3631605366 1.85655914049 6.56425060059 5.05524053783 2.9562668468 2.38916356847 -9999
-9999 -9999 -9999 -9999 -9999 -9999 -9999 -9999 -9999 2.29399542044 1.93305779977 1.61242930505 1.12689881214 -3.73825690917 -4.32531809683 -4.3288717429 2.30258509299 2.30258509299 2.30258509299 -9999 -9999 -9999 -9999 2.30258509299 2.30258509299 -4.20517383867 -3.85779701233 1.47693258493 1.25157180883 1.97722560393 1.96748128884 2.26916062637 9.89893469546 3.20999112785 2.06592273253 1.97265538172 1.84357702662 1.81859838864 1.45162703602 1.80048849926 1.4734235455 1.91436720758 2.89060754441 5.56501946765 4.29084990358 3.66575349831 2.96245027307 2.82947954703 3.1505535044 4.11873850329 4.5084120072 4.18163145086 4.44632692456 3.58357519192 3.44756451881 1.64143862787 1.94052999559 1.90707954357 5.41355311672 6.59154898762 3.48036221803 3.01923626783
2.46191717898 2.09127792867 -9999 -9999 -9999 -9999 -9999 -9999 -9999 -9999 -9999 -9999 -9999 -9999 -9999 2.05648241958 -3.98477834155 -4.33347275355 2.30258509299 2.30258509299 -9999 -9999 -9999 -9999 2.30258509299 2.30258509299 2.30258509299 -4.20557518989 -3.85819869153 1.56394402124 2.18705648663 1.82408952408 2.05429594336 2.65508335032 10.5840960948 2.69837023215 2.41610219441 2.20187633174 2.19463503419 2.00544089771 1.34506645076 1.52807202297 1.64318373649 2.1000255895 3.08088496088 5.57882569617 4.41810703013 3.36145416916 2.6976111304 2.51527399783 3.29413815048 4.34239226431 4.59645507401 4.08233634058 4.19228170654 3.94869367364 1.99946768433 1.39328791298 1.58795522216 1.94099095239 6.71485403664 4.10921653603
3.37533517572 2.84292749488 2.4550598759 2.28330766909 2.70385126145 -9999 -9999 -9999 -9999 -9999 -9999 -9999 -9999 -9999 -9999 -9999 -9999 1.66142185214 -3.98936791509 -4.33840411214 2.30258509299 -9999 -9999 -9999 -9999 2.30258509299 2.30258509299 2.30258509299 2.30258509299 -4.20597638009 1.88239772566 1.46323314613 2.18176632961 2.35584964768 2.17445157966 8.72337895624 3.1304425914 2.34379272071 2.11764240553 1.84946210583 2.02694566615 1.73675589282 1.41190611516 1.26959178617 1.83134284942 2.14186983872 2.93577647117 5.02611946993 3.71127132747 3.01176787912 2.50402287317 2.71294136468 3.37068691214 4.50175286549 4.16406168853 3.85796482567 4.17960209286 3.51356265853 2.28281440553 1.26959178617 1.71512842073 4.76874453246
6.42968354966 4.07483139944 3.54532999742 3.2823589671 2.98670177671 2.53415763571 2.6564376947 -9999 -9999 -9999 -9999 -9999 -9999 -9999 -9999 -9999 -9999 -9999 -9999 1.93161778951 -3.99463752335 -4.34226170608 -9999 -9999 -9999 -9999 2.30258509299 2.30258509299 2.30258509299 2.30258509299 -4.20717898587 -3.86060538434 1.84041855498 2.27040177943 2.48089200181 2.86396236474 2.96029347588 11.2598314313 3.44835676141 2.21968927856 2.22379024405 1.66070000585 1.35479851905 1.04702226231 1.39394009493 0.904998171149 1.48144251286 1.6108580921 3.38898401195 4.92194061194 3.50185309754 2.91232465051 3.13884008867 2.99041626832 3.35484535212 4.55401833132 3.83593940485 3.98320338575 3.69027210245 2.7329669411 1.67214697389 0.966107013368
2.32416454626 6.17996760489 5.11513555152 3.41528980613 3.53513591005 3.49905083734 3.31373926894 2.39584924743 2.0627239615 -9999 -9999 -9999 -9999 -9999 -9999 -9999 -9999 -9999 -9999 -9999 -9999 1.39688988729 -4.34401020554 -9999 -9999 -9999 -9999 2.30258509299 2.30258509299 2.30258509299 2.30258509299 2.30258509299 -4.20957998064 2.10183222642 2.04605157638 2.28271477406 2.81353026599 2.9598260875 3.96224823441 9.4503926333 3.58167112204 2.17569706273 2.32831865184 1.99627690765 1.83974473741 1.26637060629 0.864636514547 1.12689881214 0.904998171149 1.38469430351 4.11345736814 4.49427991539 3.10437846647 2.71694670696 3.02803813438 2.74490873714 3.57326250405 4.6583846656 4.04678907828 3.53988235278 3.58777747652 2.63153996126
1.23417874586 1.99600358171 3.36040580982 6.59923527964 4.9133463039 3.74911457398 3.59804209795 3.66527311683 3.16899467077 1.90090115152 1.35178643262 -9999 -9999 -9999 -9999 -9999 -9999 -9999 -9999 -9999 -9999 -9999 -9999 -3.99918217194 -9999 -9999 -9999 -9999 2.30258509299 2.30258509299 2.30258509299 2.30258509299 2.30258509299 -4.21197522444 1.71193451644 1.98376521798 2.37195881062 2.69788976588 2.81978736545 3.37824139788 3.0409409276 9.0314636271 2.91631484441 2.35718336458 2.432314831 2.15662683586 1.88158430314 1.21997360905 1.97628496238 2.14150839862 1.81871760282 3.0245079629 3.5865282662 4.35877270016 3.19233297382 2.88197151706 3.01383212645 3.28955271645 3.69889773583 4.4124725246 3.49804385673 3.4212789365
2.83289566451 2.48824635522 2.0494938502 1.96246415545 4.4298179552 6.03382688443 4.93653583932 4.15578665259 3.61380765094 3.60516302148 3.59854507987 2.5807674032 2.98188775642 -9999 -9999 -9999 -9999 -9999 -9999 -9999 -9999 -9999 -9999 -9999 -9999 -9999 -9999 -9999 -9999 2.30258509299 2.30258509299 2.30258509299 2.30258509299 2.30258509299 -4.21476242481 -3.86779106317 1.67793996009 2.50265436146 2.76792434824 3.05756586232 3.11389044552 2.6589771635 2.25277560169 8.9177353622 4.20333190634 3.18447276752 2.9998893707 2.34335919447 2.23385691109 1.82650364905 2.06817170079 1.73948401812 2.03761152572 3.08672364627 3.55872518626 3.76210518768 2.73831172782 2.71264727674 3.25618336148 2.92255898874 4.13524614049 3.67199793707
3.03019966728 2.74151574789 2.45190735012 2.42078820983 2.08987612074 2.52008571574 5.27748922215 5.21648992647 4.82467013338 4.27619817559 3.79539651476 3.89199493262 3.82691792038 3.11759232819 2.66693530457 -9999 -9999 -9999 -9999 -9999 -9999 -9999 -9999 -9999 -9999 -9999 -9999 -9999 -9999 -9999 2.30258509299 2.30258509299 2.30258509299 2.30258509299 2.30258509299 2.30258509299 -4.21754176588 1.37094746986 1.8293051577 2.50030202791 3.23741075371 2.91061006472 2.94087565416 1.73945440478 2.84439893626 9.12618074692 3.68166549531 3.15919689911 3.16872704395 2.4190503321 2.09841226737 2.48391040753 1.95633951825 1.79026343937 2.5080733398 2.88466630223 3.50798280241 3.52892017015 2.83201661429 3.15521019904 2.38269977959 3.87613292018
3.35238177515 2.76056336283 2.9169609063 2.08473794493 2.34297907249 2.38544820923 2.52094205988 4.12806229722 5.49951230801 5.02859483202 4.24820425912 4.14109890052 3.95789351055 3.62278134533 3.71431399315 3.53904993539 3.17162300535 3.26122242202 2.65497036791 2.41498192444 1.91899596189 2.14237847383 2.3201145157 2.10682114123 2.69660585656 2.56212497528 -9999 -9999 -9999 -9999 -9999 2.30258509299 2.30258509299 2.30258509299 2.30258509299 2.30258509299 2.30258509299 -4.21912661163 -3.8725529631 1.36536083895 2.061043316 2.78112280879 3.04318532699 2.76092926792 1.86784762379 2.1732975974 2.71114438876 8.70888919187 3.40257111663 3.47145567882 2.91345680822 2.38570118683 1.96221295641 1.62350819713 0.904998171149 1.50096316976 2.41915229444 3.14641097965 2.96971013461 3.25948126284 2.61247644637 2.94035662674
3.06851767063 3.4313856487 2.88822159098 2.34890930809 2.37202725132 2.45956492945 2.96483521458 2.32169698759 4.00172532801 5.12880030514 4.58811339481 4.16259056155 3.88452153785 3.99842806056 4.03775824091 3.63528510828 3.76053116001 3.4947020243 3.01842797435 2.79153029019 2.29186105155 2.33815813008 2.44366935913 2.43314503218 2.51264287176 2.05850801951 1.87199442036 2.29815903538 -9999 -9999 -9999 -9999 2.30258509299 2.30258509299 2.30258509299 2.30258509299 2.30258509299 2.30258509299 2.30258509299 -4.22070894962 -3.87453046122 1.84488409503 2.58226137273 2.62154588456 2.86035463183 2.5999801301 1.24059059559 2.10360885348 10.8405416902 4.65046616892 2.74455606475 2.74496810777 2.47981962862 2.12661162949 2.01081070281 2.18580500428 2.12186578497 1.95639991524 2.70622009937 2.71982559708 2.60720172863 2.88313298238
2.25386457218 3.29085584944 3.19755087795 2.2689232279 2.35099448206 2.51056099637 2.88066110834 2.25426410188 1.96849753739 2.56769628904 4.56928674959 4.2336103194 3.88878974441 3.73285684441 3.75581034516 3.90003731068 3.7362639929 3.17125583363 3.3246736834 2.8012111842 2.66517002003 3.05694585929 3.06401197545 2.70428316156 2.57401323187 2.22380215698 1.93161778951 1.65925419393 1.93161778951 -9999 -9999 -9999 -9999 2.30258509299 2.30258509299 2.30258509299 2.30258509299 2.30258509299 2.30258509299 2.30258509299 2.30258509299 -4.22347183505 -3.73030993656 2.38426027313 2.82282701899 2.73283094584 2.67911461954 1.69584091652 1.64795102316 2.4953336098 9.3845924285 3.46786175511 3.09221689231 2.96140059304 2.52755638012 2.38385151596 2.21698100659 2.26593948341 2.00700751018 1.9399170302 2.59989968418 2.27021962702
2.73647322047 2.74287302048 2.18173925906 2.91398848938 2.78410971498 2.40775592824 2.50411464784 2.47810971868 2.16918193681 2.04776066457 2.43601373249 4.10706566178 4.09695345281 4.27556366104 3.96491575996 3.29324327652 3.41889476723 3.56638014103 3.27595555096 2.71282794137 2.35783132414 2.67535687228 2.89109869208 2.96658919768 2.67693525694 2.48333465123 2.04552712343 1.67886912952 1.76461470088 -4.00786432744 -9999 -9999 -9999 -9999 2.30258509299 2.30258509299 2.30258509299 2.30258509299 2.30258509299 2.30258509299 2.30258509299 2.30258509299 2.30258509299 -4.22701304781 1.52807202297 2.70070480579 3.04796550109 2.79497776122 1.8349369652 1.67531819943 2.0707832919 8.82252732417 9.04264081887 3.60777123021 3.33456210272 3.37849231321 3.12511343583 2.98658933078 3.18419799807 3.13697081109 3.19630658136 3.4982026372
3.63181546594 3.23772654608 2.86012957197 2.76908974008 2.21990086607 3.13967510864 3.15279562208 2.32908089938 2.47832046646 2.24147418748 1.47784591712 2.63716463297 3.62117031677 4.23599781138 4.34374812667 4.17215851979 3.8800486489 3.32421423904 3.31839483854 3.43469898446 2.95737467505 2.83919147061 2.75603281938 2.78116326733 2.69616698804 2.6069096713 2.38542999732 1.87013921989 1.50995970859 1.85208543628 -4.35547464662 -9999 -9999 -9999 -9999 2.30258509299 2.30258509299 2.30258509299 2.30258509299 2.30258509299 2.30258509299 2.30258509299 2.30258509299 2.30258509299 -4.23015031165 -3.8843594809 1.53582409545 2.54324788778 2.60683129202 2.23268951936 2.03456869617 1.66031901273 2.07482059619 8.95225612619 3.99503101941 3.87673032492 3.63149412299 3.61736057179 3.66625486959 3.55327844403 3.23180951687 3.07928072268
2.92563114154 3.49300842711 3.17875481799 2.68188343303 2.65034619724 2.66495783423 2.15976542909 2.5946912174 2.47548562195 2.18406332539 2.30365480835 1.88231041225 2.71724815294 3.66895033974 3.53228641061 3.42847871872 4.06491043723 4.21904771528 3.73446795957 3.35320037591 3.24674544148 3.54269586628 3.08434016675 2.72193613265 2.6495916844 2.62729805098 2.32487525393 2.14310173315 1.84511672344 1.32791012803 -4.00993689546 -4.35685543725 -9999 -9999 -9999 -9999 2.30258509299 2.30258509299 2.30258509299 2.30258509299 2.30258509299 2.30258509299 2.30258509299 2.30258509299 2.30258509299 2.30258509299 -4.23249684497 -3.88592325055 1.53582409545 2.50295391332 2.62715920011 1.59648975583 1.65925419393 2.27340178254 3.92559533139 9.52420353835 4.35255232298 4.24452851828 4.00660601597 4.05036486452 4.07564396828 4.29244281414
4.13718275831 3.93620407932 3.74399805944 3.24823117897 2.67863061751 2.14329257285 2.32008312532 2.57953440156 1.97149331544 2.01460796893 2.24463816982 2.06908150752 2.38060179767 2.57290460169 3.32620361498 3.22541597985 2.87255478536 2.84906150121 3.14722712018 3.83232157194 3.73355225784 3.3738461318 3.10972305181 3.0783824525 3.0126884843 2.70247154469 2.37701934147 2.21594852933 1.7905663896 1.54446136889 1.42425232017 -4.35720031277 2.30258509299 -9999 -9999 -9999 -9999 2.30258509299 2.30258509299 2.30258509299 2.30258509299 2.30258509299 2.30258509299 2.30258509299 2.30258509299 2.30258509299 2.30258509299 2.30258509299 -4.2344479999 -3.88865391845 1.8235062602 2.67936458178 1.39688988729 1.92148583115 2.31492779625 2.58079259439 10.0671402089 4.18303201546 2.48004470582 2.76809320792 2.21975449898 2.41163585376
2.72233805112 2.87777649207 2.9566624254 3.07859215209 3.56714254974 3.51827025808 3.07517994755 2.66292593689 2.17837547664 1.71642219405 1.30568485473 2.02613961055 2.51752615492 2.22049245126 2.51618821834 2.92512892046 2.87648439467 2.46027753415 2.13500159218 2.30239734109 2.96247729853 3.99899804998 3.46180769521 2.75297628223 2.4593444144 2.51954280867 2.66231293342 2.39187167846 2.34749289985 1.95071972142 1.26959178617 -4.00993689546 -4.3578898049 2.30258509299 -9999 -9999 -9999 -9999 2.30258509299 2.30258509299 2.30258509299 2.30258509299 2.30258509299 2.30258509299 2.30258509299 2.30258509299 2.30258509299 2.30258509299 2.30258509299 2.30258509299 -4.23678448193 -3.89059978467 2.00582778007 1.75747492973 2.02302766164 2.01398384031 1.9353634132 8.28032443636 9.42062891252 3.23225322372 2.85142375971 2.63499637736
2.32288499284 2.38119273518 2.56142517668 2.43658876809 2.13874419827 2.4421722414 3.0622994885 3.01056186206 2.39922767566 2.26635787924 2.0881690986 2.10280315082 1.54896333728 1.79303313719 2.01611762882 2.1467010975 2.55402047919 2.68512261555 2.12113360597 2.19729799805 2.18784256473 1.97085541183 3.22195338375 3.41490348831 2.55745916529 1.80836913786 2.02437520588 2.32820620318 2.30759605754 2.21845226795 1.79185448355 1.36536083895 -4.35651044275 2.30258509299 2.30258509299 -9999 -9999 -9999 -9999 2.30258509299 2.30258509299 2.30258509299 2.30258509299 2.30258509299 2.30258509299 2.30258509299 2.30258509299 2.30258509299 2.30258509299 2.30258509299 2.30258509299 2.30258509299 -4.23911551754 -3.89215383386 2.17424113542 1.78161376989 1.66182532765 2.33462304257 2.88741423188 9.10007837926 3.42507875493 2.94237275959
2.8127322835 2.53876366757 2.0022259593 1.87405865558 1.86034555364 2.13162253607 1.75838186935 1.53576117813 2.66798311009 2.76311417086 2.19218354609 2.26911847412 2.14978651731 1.79474202891 1.15527527574 1.23417874586 1.89020463928 1.72474211719 1.94023570456 2.15717099349 2.61581499842 2.33007023231 2.11432300917 2.43129912676 2.74600011955 2.71947024196 2.3077782574 2.12094825292 2.09728521062 1.94471898939 1.82028514873 1.42425232017 -4.00786432744 -4.35547464662 2.30258509299 2.30258509299 -9999 -9999 -9999 -9999 2.30258509299 2.30258509299 2.30258509299 2.30258509299 2.30258509299 2.30258509299 2.30258509299 2.30258509299 2.30258509299 2.30258509299 2.30258509299 2.30258509299 2.30258509299 2.30258509299 -4.24066645478 1.93161778951 1.39394009493 1.65925419393 1.16272193908 1.20110889268 8.92576682009 3.52474874373
2.80104148375 2.8019878683 2.63096017142 2.6032216009 2.4503756596 2.53678579099 2.30272173108 2.37427361805 2.28820790401 2.40564805053 3.06982185097 2.95674432586 2.60387091614 2.57441492391 2.53215125203 2.56722360127 2.34377649406 1.9569814097 1.66987562969 1.04736646753 1.84767637755 2.76847861856 2.97914793751 2.24472718768 2.05942087398 2.11751206054 2.5971395583 2.53716573586 2.37078008195 1.95571847358 1.32278192374 1.47693265019 -4.00648020203 -4.3537460955 2.30258509299 2.30258509299 2.30258509299 -9999 -9999 -9999 -9999 2.30258509299 2.30258509299 2.30258509299 2.30258509299 2.30258509299 2.30258509299 2.30258509299 2.30258509299 2.30258509299 2.30258509299 2.30258509299 2.30258509299 2.30258509299 2.30258509299 -4.24260185946 -3.89602822983 1.65925419393 1.18149847381 1.92639299688 3.27028356359 2.30258509299
4.376238507 3.0703301921 2.91523691605 2.96220808551 2.90102842155 2.62540033995 2.65709309244 2.55178498043 2.77255689387 2.46953736592 1.82118341433 2.30868203389 2.76678520173 2.60966057139 2.42279416928 2.29807410659 2.73546821853 2.75871667935 2.77026148679 2.43728057746 2.11398341932 1.53732774394 1.88062691149 2.17675448074 2.78163710883 2.37867718697 2.11142936396 1.6332195199 2.78773708021 2.14750494468 2.0535454885 1.39394009493 -4.00648020203 -4.35305383757 2.30258509299 2.30258509299 2.30258509299 2.30258509299 -9999 -9999 -9999 -9999 2.30258509299 2.30258509299 2.30258509299 2.30258509299 2.30258509299 2.30258509299 2.30258509299 2.30258509299 2.30258509299 2.30258509299 2.30258509299 2.30258509299 2.30258509299 2.30258509299 2.30258509299 -4.24453352558 -3.89757387231 1.12689881214 1.56479448876 2.34492232389
9.57089465299 5.7674220255 3.18023574223 2.75469785971 2.0177386153 1.70782944769 1.59011905117 1.81300216011 2.32426093284 1.92785807366 1.2889330472 1.41971738968 2.19919840962 3.0856280709 2.37459848583 1.60214185001 2.16619751829 2.50630552123 1.73025305951 1.20110889268 2.29266268583 2.28794097693 1.84292243871 2.18544290661 2.12498132578 2.24141131961 2.77903321483 2.12508513445 2.22152386192 1.93398017006 2.39618480168 1.39394009493 1.65925419393 -4.35305383757 2.30258509299 2.30258509299 2.30258509299 2.30258509299 2.30258509299 -9999 -9999 -9999 -9999 2.30258509299 2.30258509299 2.30258509299 2.30258509299 2.30258509299 2.30258509299 2.30258509299 2.30258509299 2.30258509299 2.30258509299 2.30258509299 2.30258509299 2.30258509299 2.30258509299 2.30258509299 2.30258509299 -4.24607608901 1.25378911192 1.55982876395
1.90937725349 4.86061767433 8.9006818658 5.37742039136 4.02807110672 3.50291242207 3.41469594236 3.20535122351 3.11200475023 2.45776379572 2.3034751479 2.61074472119 2.41381868974 2.86637099617 2.44125397343 2.47818573551 2.30296237215 1.70041223023 1.28982178631 1.61921984305 2.60248621961 2.74666084121 1.99958610182 2.16435257751 2.34949156615 2.23138852458 2.41766934004 2.23992865793 2.39756960135 2.11552110291 2.05540522581 1.42425232017 1.47693258493 -4.00682639568 -4.35340002644 2.30258509299 2.30258509299 2.30258509299 2.30258509299 2.30258509299 -9999 -9999 -9999 -9999 2.30258509299 2.30258509299 2.30258509299 2.30258509299 2.30258509299 2.30258509299 2.30258509299 2.30258509299 2.30258509299 2.30258509299 2.30258509299 2.30258509299 2.30258509299 2.30258509299 2.30258509299 2.30258509299 -4.2476162766 1.47693258493
1.6144860182 1.60627424977 4.384445244 8.22715374987 4.27311120181 5.89347322122 6.28162977231 6.27966508835 6.17141566727 6.4996755579 6.45153175295 5.87343182566 5.32679575071 3.87550606051 3.30208492936 3.37302436949 3.29542173878 2.57945784393 1.46650012066 1.27009440567 2.61569678781 3.33752736898 2.46767654122 2.01109122392 2.26423251365 1.99441774816 1.79852706019 2.27970203603 2.35637895837 2.24732773901 2.17767202542 2.02518153365 1.58504410331 -4.00717246953 -4.3537460955 2.30258509299 2.30258509299 2.30258509299 2.30258509299 2.30258509299 2.30258509299 -9999 -9999 -9999 -9999 2.30258509299 2.30258509299 2.30258509299 2.30258509299 2.30258509299 2.30258509299 2.30258509299 2.30258509299 2.30258509299 2.30258509299 2.30258509299 2.30258509299 2.30258509299 2.30258509299 2.30258509299 2.30258509299 -4.2487699715
2.00582778007 1.77145741663 2.4478087748 4.38134624076 8.16858323373 4.89003589527 5.32041434048 5.31026649117 5.26973573559 5.21910787421 4.33217284084 4.45632757485 5.52129464311 6.07331083328 6.20979586305 5.90173907789 3.09929554697 3.2625232791 3.38767252304 2.74322440514 2.88849917716 4.17774301415 3.28912960607 3.02138839359 2.84948328495 2.45724950805 2.41790819413 2.65321897238 2.9370330231 2.7952011223 2.60674029491 2.25225827052 2.12319854736 1.77082594706 -4.35305383757 2.30258509299 2.30258509299 2.30258509299 2.30258509299 2.30258509299 2.30258509299 2.30258509299 -9999 -9999 -9999 -9999 2.30258509299 2.30258509299 2.30258509299 2.30258509299 2.30258509299 2.30258509299 2.30258509299 2.30258509299 2.30258509299 2.30258509299 2.30258509299 2.30258509299 2.30258509299 2.30258509299 2.30258509299 2.30258509299
-4.24953829007 2.19865903779 2.74730816785 3.05557466133 5.08946408375 7.91726986656 8.82549076455 2.8935959286 2.93411075974 2.82653154311 2.72198735524 2.24655394306 2.00335007318 2.50607244669 2.57238826625 3.39173669801 4.63748480015 6.06928110193 6.11774794462 6.59673925498 6.96341414931 5.76525329518 5.49126865863 5.38596397721 4.59396938443 4.10586442442 3.47522231137 3.16348703136 3.21012341464 2.85756276515 2.59312268503 2.36329836109 2.32834716735 2.23477026581 2.00582778007 -4.35201445304 2.30258509299 2.30258509299 2.30258509299 2.30258509299 2.30258509299 2.30258509299 2.30258509299 -9999 -9999 -9999 -9999 2.30258509299 2.30258509299 2.30258509299 2.30258509299 2.30258509299 2.30258509299 2.30258509299 2.30258509299 2.30258509299 2.30258509299 2.30258509299 2.30258509299 2.30258509299 2.30258509299 2.30258509299
2.30258509299 -4.25030612756 2.17007976549 3.35213583606 4.44570396147 3.88470992522 3.97391358245 9.0070910631 3.07368268674 2.38663537015 2.27876884323 2.2608336504 2.38976186488 2.24729968021 2.13783285543 1.98496029661 1.48781566362 1.30227720151 1.37378679112 2.03892393003 2.69833824553 3.02991275015 2.6853266696 4.59439578272 4.92616387557 4.61073551042 4.2974068683 4.00589039158 4.00162936863 3.70375857424 3.48273486949 3.31421984392 3.08709411179 2.8929946325 2.83416741748 1.93161778951 -4.35132099491 2.30258509299 2.30258509299 2.30258509299 2.30258509299 2.30258509299 2.30258509299 2.30258509299 -9999 -9999 -9999 -9999 2.30258509299 2.30258509299 2.30258509299 2.30258509299 2.30258509299 2.30258509299 2.30258509299 2.30258509299 2.30258509299 2.30258509299 2.30258509299 2.30258509299 2.30258509299 2.30258509299
2.30258509299 2.30258509299 -4.25107315852 3.59998369327 3.33936996754 3.87724218204 3.72684016819 2.87130171469 8.80016210998 3.75830348358 3.42313882756 2.98964988601 2.73618098198 2.43208870939 2.16142320934 2.28522611719 2.0240537139 1.75572552092 1.44013521302 1.23847060895 1.8544688004 1.81474298819 1.45555203575 1.18418042207 1.751810964 2.86338801948 3.21206911826 3.05082883535 2.94937775443 2.95304886671 3.53161937298 3.41462752508 3.2794032204 3.24305842535 3.50243823669 3.13903293537 1.8235062602 -4.35097408544 2.30258509299 2.30258509299 2.30258509299 2.30258509299 2.30258509299 2.30258509299 2.30258509299 -9999 -9999 -9999 -9999 2.30258509299 2.30258509299 2.30258509299 2.30258509299 2.30258509299 2.30258509299 2.30258509299 2.30258509299 2.30258509299 2.30258509299 2.30258509299 2.30258509299 2.30258509299
2.30258509299 2.30258509299 2.30258509299 -4.25222287441 3.48153433649 3.5674131131 4.43677481584 3.28838545018 3.34504299411 8.93489954572 6.15346793117 3.22276412491 2.67141084031 2.54503510595 2.17547421786 1.99180746027 2.07096932705 1.90514774665 2.2328881015 2.01420874084 2.10739695915 2.35132587593 1.49665989254 0.932719577726 0.692046292924 0.949365947688 2.19294488862 1.45915907497 2.4728954246 2.3751509553 2.59593906531 2.69984128268 2.53025244536 2.11955966437 1.79185439413 3.09287755265 2.63005421154 -4.00231643312 -4.35027980679 2.30258509299 2.30258509299 2.30258509299 2.30258509299 2.30258509299 2.30258509299 2.30258509299 -9999 -9999 -9999 -9999 2.30258509299 2.30258509299 2.30258509299 2.30258509299 2.30258509299 2.30258509299 2.30258509299 2.30258509299 2.30258509299 2.30258509299 2.30258509299 2.30258509299
2.30258509299 2.30258509299 2.30258509299 2.30258509299 -4.25375363105 3.53070271541 2.38236064984 4.86955663854 4.17248504157 4.32401671471 2.30258509299 5.49532919367 6.11925823778 4.09124510844 3.27883574314 2.89528405782 2.92834828256 2.61089520464 2.19219949183 1.88952601445 2.1298616768 2.30295238465 1.94293684486 1.61292914288 1.16459772171 1.16825433342 1.77742240991 1.3939399748 2.54674610367 1.46444619161 2.83603689818 2.73146789084 2.69276145813 2.6198357429 2.24052472188 2.12506036662 2.11739950073 2.00582778007 -4.34923763201 2.30258509299 2.30258509299 2.30258509299 2.30258509299 2.30258509299 2.30258509299 2.30258509299 2.30258509299 -9999 -9999 -9999 -9999 2.30258509299 2.30258509299 2.30258509299 2.30258509299 2.30258509299 2.30258509299 2.30258509299 2.30258509299 2.30258509299 2.30258509299 2.30258509299
2.30258509299 2.30258509299 2.30258509299 2.30258509299 2.30258509299 -4.25566389579 2.75466460515 1.98621750982 5.81680475708 3.6116437191 2.5830767048 7.54349931668 5.60121617053 6.26251520199 5.7705552965 4.75409246028 3.35948084746 2.91389491332 2.85339411376 2.81778502886 2.48847405512 2.5697667832 2.31578098421 2.08000591848 2.08791142694 1.60872393982 1.71280643276 1.2623108304 2.13286273811 2.03328213955 2.35458480757 1.77788107774 2.20334191545 2.07363968044 1.93477351393 2.16666554562 1.86509781067 1.58504410331 -4.00474743372 -4.35201445304 2.30258509299 2.30258509299 2.30258509299 2.30258509299 2.30258509299 2.30258509299 2.30258509299 2.30258509299 -9999 -9999 -9999 -9999 2.30258509299 2.30258509299 2.30258509299 2.30258509299 2.30258509299 2.30258509299 2.30258509299 2.30258509299 2.30258509299 2.30258509299
2.30258509299 2.30258509299 2.30258509299 2.30258509299 2.30258509299 2.30258509299 -4.25757051838 2.65909453705 5.51321861717 5.15570187588 3.37425889815 8.56158590352 3.67779230415 3.4550067753 6.26301495328 6.53995412165 6.68436730772 6.20550149339 6.07962051937 3.56563840234 3.48804107233 3.28152255661 3.0323633321 2.90338015099 2.85990787995 3.12733044572 3.01154501318 2.2853546329 2.51188774615 2.30324198797 1.91199328208 2.14437680645 2.37437423732 2.44797342278 2.25158026336 2.05740123888 1.85788435005 1.36536083895 -4.00509422767 -4.35305383757 2.30258509299 2.30258509299 2.30258509299 2.30258509299 2.30258509299 2.30258509299 2.30258509299 2.30258509299 2.30258509299 -9999 -9999 -9999 -9999 2.30258509299 2.30258509299 2.30258509299 2.30258509299 2.30258509299 2.30258509299 2.30258509299 2.30258509299 2.30258509299
2.30258509299 2.30258509299 2.30258509299 2.30258509299 2.30258509299 2.30258509299 2.30258509299 -4.25985354804 2.38888843329 5.82996707728 3.23199209038 3.06537251303 10.0025905419 3.08216054037 3.66378329194 3.83699621592 4.79621551921 5.0687198937 5.89260151536 5.91857794089 6.63928890815 6.20300280569 5.53011715246 4.63801379786 4.06083946746 3.57649148346 3.12874151257 2.86003927598 2.52157392503 1.91142859387 0.502986491202 1.64127555252 0.923018147358 2.03066220858 1.31947761323 2.05777224609 1.96607283265 2.05795097583 1.21325512769 -4.35166778409 2.30258509299 2.30258509299 2.30258509299 2.30258509299 2.30258509299 2.30258509299 2.30258509299 2.30258509299 2.30258509299 2.30258509299 -9999 -9999 -9999 -9999 2.30258509299 2.30258509299 2.30258509299 2.30258509299 2.30258509299 2.30258509299 2.30258509299 2.30258509299
2.30258509299 2.30258509299 2.30258509299 2.30258509299 2.30258509299 2.30258509299 2.30258509299 2.30258509299 -4.26175220681 1.85208543628 5.53491203528 3.57651811807 3.51329890198 7.78551494371 1.55982876395 2.85537683988 3.67758151555 3.53027035494 3.65749251804 3.41950956986 3.91323849022 4.44294117173 5.063471075 5.60360205921 5.86157059192 5.52850312419 4.97331756188 3.36213964261 3.19615171071 2.77391747692 2.24245374061 2.05681555865 1.16570878139 1.67355007311 2.62607606256 2.25220060113 2.3203568007 2.95492396435 1.83603342392 1.29307032926 -4.34993263434 2.30258509299 2.30258509299 2.30258509299 2.30258509299 2.30258509299 2.30258509299 2.30258509299 2.30258509299 2.30258509299 2.30258509299 -9999 -9999 -9999 -9999 2.30258509299 2.30258509299 2.30258509299 2.30258509299 2.30258509299 2.30258509299 2.30258509299
2.30258509299 2.30258509299 2.30258509299 2.30258509299 2.30258509299 2.30258509299 2.30258509299 2.30258509299 2.30258509299 -4.26288960967 3.46168100559 5.09819432558 4.44024277322 3.45317771123 9.97522199088 4.09092072683 1.94383340129 2.78552753905 3.0874056735 2.60827997782 3.38662915082 2.77615675566 3.01994223854 3.87974453563 4.57220284312 4.87855547975 5.24929973293 5.32726836381 5.52747898837 5.07670621719 4.58349020568 4.29280610409 3.99048767543 3.94556605884 3.71688931784 3.17341229761 2.56761422265 1.98213257374 2.32705576438 1.53688916851 -4.00022806413 -4.34923763201 2.30258509299 2.30258509299 2.30258509299 2.30258509299 2.30258509299 2.30258509299 2.30258509299 2.30258509299 2.30258509299 2.30258509299 -9999 -9999 -9999 -9999 2.30258509299 2.30258509299 2.30258509299 2.30258509299 2.30258509299 2.30258509299
2.30258509299 2.30258509299 2.30258509299 2.30258509299 2.30258509299 2.30258509299 2.30258509299 2.30258509299 2.30258509299 2.30258509299 -4.26478251818 4.18694203247 5.02338234268 4.79221255164 3.32251719196 3.44971516363 2.30258509299 7.18658191663 1.58504410331 1.84254573194 2.90148172655 2.48546387002 3.06144800355 2.87973303328 3.17961606585 3.40691951059 4.05756428999 3.41361076636 3.3524508533 3.72242971148 4.23948248446 5.03231479811 4.67828880312 4.70898325664 4.42202543743 3.94259452451 3.19174962665 2.59652938501 2.52814006511 2.04042067536 1.21737043985 -4.34680155991 2.30258509299 2.30258509299 2.30258509299 2.30258509299 2.30258509299 2.30258509299 2.30258509299 2.30258509299 2.30258509299 2.30258509299 2.30258509299 -9999 -9999 -9999 -9999 2.30258509299 2.30258509299 2.30258509299 2.30258509299 2.30258509299
2.30258509299 2.30258509299 2.30258509299 2.30258509299 2.30258509299 2.30258509299 2.30258509299 2.30258509299 2.30258509299 2.30258509299 2.30258509299 -4.26629418373 4.23248109818 3.59260063168 4.37437923014 3.98342091611 2.97769350108 3.23934730953 2.50275802483 2.30258509299 2.77058955556 2.40608837478 2.69076954103 2.63525269548 2.79614388492 2.53768097349 3.13134554001 3.56512457497 3.75095377895 3.13040013783 3.41359186971 3.55482437067 3.00774600043 2.65896450117 2.61769734591 3.59855460977 3.28325666442 3.3753259188 2.63589622186 1.96383185263 1.32075950841 1.23847060895 -4.34714991964 2.30258509299 2.30258509299 2.30258509299 2.30258509299 2.30258509299 2.30258509299 2.30258509299 2.30258509299 2.30258509299 2.30258509299 2.30258509299 -9999 -9999 -9999 -9999 2.30258509299 2.30258509299 2.30258509299 2.30258509299
2.30258509299 2.30258509299 2.30258509299 2.30258509299 2.30258509299 2.30258509299 2.30258509299 2.30258509299 2.30258509299 2.30258509299 2.30258509299 2.30258509299 -4.26818066472 4.0418584003 3.45578912227 3.94101666483 3.86688293083 3.4374837284 3.61330660685 3.9713670457 4.12592844997 8.22255448031 1.53990673737 2.13152212798 2.27339744078 2.09151909448 2.51822999601 2.48500148527 2.97689607766 3.36230764454 3.35812000121 2.81443926174 2.97540285777 3.01757372816 2.50634927442 2.68985550729 2.23701756999 2.91046056479 2.35685600242 1.94991425882 1.36185348045 0.961131834617 -3.99918217194 -4.34749825679 2.30258509299 2.30258509299 2.30258509299 2.30258509299 2.30258509299 2.30258509299 2.30258509299 2.30258509299 2.30258509299 2.30258509299 2.30258509299 -9999 -9999 -9999 -9999 2.30258509299 2.30258509299 2.30258509299
2.30258509299 2.30258509299 2.30258509299 2.30258509299 2.30258509299 2.30258509299 2.30258509299 2.30258509299 2.30258509299 2.30258509299 2.30258509299 2.30258509299 2.30258509299 -3.08041837871 3.74297299863 2.91702894435 3.74755199693 3.74366596222 2.9710454121 3.7438429778 4.40361042742 3.96042058617 2.44807294844 7.42108069774 1.10106178869 2.04667897586 2.41587128109 2.0448873176 2.32251698132 1.8793066621 3.24989424077 3.15776675919 2.64469923811 2.32741903446 2.58411057854 2.51793747727 2.57933894061 2.23605921872 1.71598083199 1.73078597567 1.49689780514 0.619533418954 1.07146752032 -4.34680155991 2.30258509299 2.30258509299 2.30258509299 2.30258509299 2.30258509299 2.30258509299 2.30258509299 2.30258509299 2.30258509299 2.30258509299 2.30258509299 2.30258509299 -9999 -9999 -9999 -9999 2.30258509299 2.30258509299
2.30258509299 2.30258509299 2.30258509299 2.30258509299 2.30258509299 2.30258509299 2.30258509299 2.30258509299 2.30258509299 2.30258509299 2.30258509299 2.30258509299 2.30258509299 2.30258509299 -2.38333371061 3.50081773487 2.51047514048 3.77893910771 3.64077671379 3.0297055363 3.56194279534 4.30687023549 4.05726583447 3.33438301718 1.97070249525 8.03062834334 1.3921943527 2.42336173512 2.43565594996 2.27087314907 2.2763455646 2.14234546658 2.99001881707 2.65011983634 2.45498429521 2.35855573797 2.44270068755 2.40540145452 1.80128592358 1.24718633478 1.53270818504 0.941702114359 0.825400853156 -3.99953097083 -4.34784637395 2.30258509299 2.30258509299 2.30258509299 2.30258509299 2.30258509299 2.30258509299 2.30258509299 2.30258509299 2.30258509299 2.30258509299 2.30258509299 2.30258509299 -9999 -9999 -9999 -9999 2.30258509299
2.30258509299 2.30258509299 2.30258509299 2.30258509299 2.30258509299 2.30258509299 2.30258509299 2.30258509299 2.30258509299 2.30258509299 2.30258509299 2.30258509299 2.30258509299 2.30258509299 2.30258509299 -2.59501181789 3.68399012156 3.10970025609 3.27359374688 3.28996800637 3.38684813786 3.46114058813 4.12960362171 4.31526955735 3.20926584635 1.59586163845 7.33415118088 3.26500767425 1.72813815695 2.5859055448 2.28155352883 2.19019852064 1.91496541348 1.82920685808 2.20318668666 2.20401464957 2.53029080345 3.16189818839 1.89918947217 1.13719289073 1.51949229582 1.06533257992 1.01601716823 -3.9988333213 -4.34714991964 2.30258509299 2.30258509299 2.30258509299 2.30258509299 2.30258509299 2.30258509299 2.30258509299 2.30258509299 2.30258509299 2.30258509299 2.30258509299 2.30258509299 2.30258509299 -9999 -9999 -9999 -9999
2.30258509299 2.30258509299 2.30258509299 2.30258509299 2.30258509299 2.30258509299 2.30258509299 2.30258509299 2.30258509299 2.30258509299 2.30258509299 2.30258509299 2.30258509299 2.30258509299 2.30258509299 2.30258509299 -3.33383478108 3.43865767236 3.54650820893 2.92951024386 3.00747163456 3.28707326657 3.46756666536 3.98670511733 3.77786360875 3.63511563984 1.81183295108 3.4326440185 8.66000745664 3.39411905652 2.54404747227 2.88355893148 2.42523632578 1.97190603536 1.53140143583 1.61259902905 2.26274765568 2.86591448196 2.65194917122 1.99422089985 1.62278367343 1.04736646753 1.32278192374 -3.9988333213 -4.34680155991 2.30258509299 2.30258509299 2.30258509299 2.30258509299 2.30258509299 2.30258509299 2.30258509299 2.30258509299 2.30258509299 2.30258509299 2.30258509299 2.30258509299 2.30258509299 2.30258509299 -9999 -9999 -9999
-9999 2.30258509299 2.30258509299 2.30258509299 2.30258509299 2.30258509299 2.30258509299 2.30258509299 2.30258509299 2.30258509299 2.30258509299 2.30258509299 2.30258509299 2.30258509299 2.30258509299 2.30258509299 2.30258509299 -3.841827318 3.13142353188 3.26137235235 3.03319689585 3.03264592831 3.1628492011 3.19502490923 4.11905599888 4.00126955204 3.69962293955 2.60625878436 3.31055673746 0.149529734333 6.72675916504 2.14817765229 2.89403874215 2.83306117008 2.28408352977 1.59894468699 0.98557668935 1.92354862101 2.58986219416 1.99355400576 2.24858837709 1.8737945457 1.23417874586 -3.99987957822 -4.34749825679 2.30258509299 2.30258509299 2.30258509299 2.30258509299 2.30258509299 2.30258509299 2.30258509299 2.30258509299 2.30258509299 2.30258509299 2.30258509299 2.30258509299 2.30258509299 2.30258509299 2.30258509299 -9999 -9999
-9999 -9999 2.30258509299 2.30258509299 2.30258509299 2.30258509299 2.30258509299 2.30258509299 2.30258509299 2.30258509299 2.30258509299 2.30258509299 2.30258509299 2.30258509299 2.30258509299 2.30258509299 2.30258509299 2.30258509299 -4.28980717652 2.7893272713 2.7437659598 3.20340982271 2.88263621551 2.90370614763 3.07226286512 3.78533363178 3.71453672078 3.31519747973 3.12318218844 3.79034169549 0.834924842413 8.92948144127 3.58431975686 2.82191631899 2.61121875988 2.62092955242 2.27098142516 2.11844943645 1.55630042709 2.07938694532 1.64900037953 2.00077677861 1.43852873477 1.06533257992 -4.34819436997 2.30258509299 2.30258509299 2.30258509299 2.30258509299 2.30258509299 2.30258509299 2.30258509299 2.30258509299 2.30258509299 2.30258509299 2.30258509299 2.30258509299 2.30258509299 2.30258509299 2.30258509299 2.30258509299 -9999
-9999 -9999 -9999 2.30258509299 2.30258509299 2.30258509299 2.30258509299 2.30258509299 2.30258509299 2.30258509299 2.30258509299 2.30258509299 2.30258509299 2.30258509299 2.30258509299 2.30258509299 2.30258509299 2.30258509299 2.30258509299 -4.19714469688 1.9668544598 2.10612413264 3.10051326226 3.07383299672 2.59981132149 2.94135134265 3.54943273523 3.42425772865 3.21279634395 3.38092016684 3.64948622561 1.02029132575 6.34708722036 4.96087127695 3.54475469988 3.03228326738 2.51647459701 2.41246510621 1.73715547341 1.33459885204 1.9987206348 2.18910691072 1.71044630273 1.11329246533 -4.00196867435 -4.35027980679 2.30258509299 2.30258509299 2.30258509299 2.30258509299 2.30258509299 2.30258509299 2.30258509299 2.30258509299 2.30258509299 2.30258509299 2.30258509299 2.30258509299 2.30258509299 2.30258509299 2.30258509299 2.30258509299
-9999 -9999 -9999 -9999 2.30258509299 2.30258509299 2.30258509299 2.30258509299 2.30258509299 2.30258509299 2.30258509299 2.30258509299 2.30258509299 2.30258509299 2.30258509299 2.30258509299 2.30258509299 2.30258509299 2.30258509299 2.30258509299 -4.2997173135 1.09362685734 1.73616997209 2.47705229885 2.81208832865 2.59053677373 2.96970207693 3.37725516919 3.2949821692 2.88484533723 3.03819061185 4.06292567656 3.18121970055 4.94113254548 6.49952601767 3.08844156267 3.27859943049 2.74999677015 2.48059916335 2.20999774541 2.05954742661 1.76174375306 2.25727339922 2.14590655925 1.32791012803 -4.34993263434 2.30258509299 2.30258509299 2.30258509299 2.30258509299 2.30258509299 2.30258509299 2.30258509299 2.30258509299 2.30258509299 2.30258509299 2.30258509299 2.30258509299 2.30258509299 2.30258509299 2.30258509299 2.30258509299
2.30258509299 -9999 -9999 -9999 -9999 2.30258509299 2.30258509299 2.30258509299 2.30258509299 2.30258509299 2.30258509299 2.30258509299 2.30258509299 2.30258509299 2.30258509299 2.30258509299 2.30258509299 2.30258509299 2.30258509299 2.30258509299 2.30258509299 -4.30409045546 -3.95897046363 1.10501826841 1.96760013552 2.71623140435 2.2667893896 2.53085567973 3.3721338028 3.15391429244 2.72431803676 2.66438338141 4.17563005735 3.4913249701 4.33357367961 7.45826351016 3.80841833849 3.4922719523 3.30533286842 2.96177004867 2.56983559454 2.43383641639 2.24626797335 2.05318998022 1.63642279004 1.42425232017 -4.35062705557 2.30258509299 2.30258509299 2.30258509299 2.30258509299 2.30258509299 2.30258509299 2.30258509299 2.30258509299 2.30258509299 2.30258509299 2.30258509299 2.30258509299 2.30258509299 2.30258509299 2.30258509299
2.30258509299 2.30258509299 -9999 -9999 -9999 -9999 2.30258509299 2.30258509299 2.30258509299 2.30258509299 2.30258509299 2.30258509299 2.30258509299 2.30258509299 2.30258509299 2.30258509299 2.30258509299 2.30258509299 2.30258509299 2.30258509299 2.30258509299 2.30258509299 2.30258509299 -4.30953020262 -3.96440227304 1.46905878083 2.25301302581 2.34788518823 2.38939359635 2.84151728238 3.15266652129 2.83347302678 2.64444856262 3.99727749345 3.89019694658 3.98062992059 6.56437471262 6.21277537516 4.51708841451 3.70918596892 2.93233403751 2.68435418178 2.46658716324 2.06143277094 1.6091707554 1.29307032926 -4.00335898441 -4.35097408544 2.30258509299 2.30258509299 2.30258509299 2.30258509299 2.30258509299 2.30258509299 2.30258509299 2.30258509299 2.30258509299 2.30258509299 2.30258509299 2.30258509299 2.30258509299 2.30258509299
2.30258509299 2.30258509299 2.30258509299 -9999 -9999 -9999 -9999 2.30258509299 2.30258509299 2.30258509299 2.30258509299 2.30258509299 2.30258509299 2.30258509299 2.30258509299 2.30258509299 2.30258509299 2.30258509299 2.30258509299 2.30258509299 2.30258509299 2.30258509299 2.30258509299 2.30258509299 2.30258509299 -4.31565966071 -3.69427241006 2.03143271924 1.81018168586 2.30304399012 2.6732780668 2.70838682283 2.68417837011 2.30826968101 4.00545510697 3.72295169312 4.28501734344 5.37364717138 6.73826732348 5.50517659542 4.42509897528 3.917457132 3.17616498581 2.73669573308 2.41863396827 1.85186789161 1.13035907964 -4.35027980679 2.30258509299 2.30258509299 2.30258509299 2.30258509299 2.30258509299 2.30258509299 2.30258509299 2.30258509299 2.30258509299 2.30258509299 2.30258509299 2.30258509299 2.30258509299 2.30258509299
2.30258509299 2.30258509299 2.30258509299 2.30258509299 -9999 -9999 -9999 -9999 2.30258509299 2.30258509299 2.30258509299 2.30258509299 2.30258509299 2.30258509299 2.30258509299 2.30258509299 2.30258509299 2.30258509299 2.30258509299 2.30258509299 2.30258509299 2.30258509299 2.30258509299 2.30258509299 2.30258509299 2.30258509299 2.30258509299 -4.32103700489 1.11824637002 1.58414079493 1.89032747412 2.16731547717 2.05793044128 2.52763391762 2.11387835064 3.44300189085 3.29239851833 4.27636501189 5.4130713499 5.37303791472 6.23521880589 4.49410079764 3.88762170717 3.35226640718 2.6408087953 2.41337295157 1.78531061112 1.20110889268 -4.35062705557 2.30258509299 2.30258509299 2.30258509299 2.30258509299 2.30258509299 2.30258509299 2.30258509299 2.30258509299 2.30258509299 2.30258509299 2.30258509299 2.30258509299 2.30258509299
2.30258509299 2.30258509299 2.30258509299 2.30258509299 2.30258509299 -9999 -9999 -9999 -9999 2.30258509299 2.30258509299 2.30258509299 2.30258509299 2.30258509299 2.30258509299 2.30258509299 2.30258509299 2.30258509299 2.30258509299 2.30258509299 2.30258509299 2.30258509299 2.30258509299 2.30258509299 2.30258509299 2.30258509299 2.30258509299 2.30258509299 -4.32602991772 -3.98158846686 0.899268201981 1.79343722671 1.9548221479 1.86962917866 2.72813369438 2.85893738518 3.29362377108 3.57961342567 4.27483737824 5.01550750611 5.30348680864 5.76592194275 4.85004085293 4.355488282 3.93714241687 3.13154641982 2.37788294504 1.65228415743 1.18149847381 -4.35201445304 2.30258509299 2.30258509299 2.30258509299 2.30258509299 2.30258509299 2.30258509299 2.30258509299 2.30258509299 2.30258509299 2.30258509299 2.30258509299 2.30258509299
2.30258509299 2.30258509299 2.30258509299 2.30258509299 2.30258509299 2.30258509299 -9999 -9999 -9999 -9999 2.30258509299 2.30258509299 2.30258509299 2.30258509299 2.30258509299 2.30258509299 2.30258509299 2.30258509299 2.30258509299 2.30258509299 2.30258509299 2.30258509299 2.30258509299 2.30258509299 2.30258509299 2.30258509299 2.30258509299 2.30258509299 2.30258509299 2.30258509299 -4.33241290549 -3.98760514289 0.973663726172 2.05715533731 2.06685615679 2.3176877031 2.32745974542 3.40008829255 3.78778599889 4.03684586749 4.18927583817 4.44507733913 5.60046205316 5.59399808497 4.05034999857 3.76827929396 3.52858155985 2.98258894143 2.2562187662 1.21325512769 -4.35270752882 2.30258509299 2.30258509299 2.30258509299 2.30258509299 2.30258509299 2.30258509299 2.30258509299 2.30258509299 2.30258509299 2.30258509299 2.30258509299
2.30258509299 2.30258509299 2.30258509299 2.30258509299 2.30258509299 2.30258509299 2.30258509299 -9999 -9999 -9999 -9999 2.30258509299 2.30258509299 2.30258509299 2.30258509299 2.30258509299 2.30258509299 2.30258509299 2.30258509299 2.30258509299 2.30258509299 2.30258509299 2.30258509299 2.30258509299 2.30258509299 2.30258509299 2.30258509299 2.30258509299 2.30258509299 2.30258509299 2.30258509299 2.30258509299 -4.33805269181 -3.99253296889 1.90640230825 1.98108055618 2.13466001026 2.18878477317 3.37676569119 3.85133806904 3.83669912863 3.88974763595 3.48536436142 5.27313855787 5.6760776402 5.18890310014 4.12079955334 3.283811352 3.1748594796 2.59326695266 1.28354613791 -4.35305383757 2.30258509299 2.30258509299 2.30258509299 2.30258509299 2.30258509299 2.30258509299 2.30258509299 2.30258509299 2.30258509299 2.30258509299
2.30258509299 2.30258509299 2.30258509299 2.30258509299 2.30258509299 2.30258509299 2.30258509299 2.30258509299 -9999 -9999 -9999 -9999 2.30258509299 2.30258509299 2.30258509299 2.30258509299 2.30258509299 2.30258509299 2.30258509299 2.30258509299 2.30258509299 2.30258509299 2.30258509299 2.30258509299 2.30258509299 2.30258509299 2.30258509299 2.30258509299 2.30258509299 2.30258509299 2.30258509299 2.30258509299 2.30258509299 2.30258509299 -4.34261165064 1.13035907964 1.69872221691 1.98004302742 2.16384516155 3.1037461898 3.97141211155 3.73012334044 3.51586389663 3.34757697819 3.81069650317 5.52444987245 5.86376835019 4.68850864938 3.20975180063 2.76178930669 3.16070605782 2.11497684221 -4.00786432744 -4.35512917534 2.30258509299 2.30258509299 2.30258509299 2.30258509299 2.30258509299 2.30258509299 2.30258509299 2.30258509299
2.30258509299 2.30258509299 2.30258509299 2.30258509299 2.30258509299 2.30258509299 2.30258509299 2.30258509299 2.30258509299 -9999 -9999 -9999 -9999 2.30258509299 2.30258509299 2.30258509299 2.30258509299 2.30258509299 2.30258509299 2.30258509299 2.30258509299 2.30258509299 2.30258509299 2.30258509299 2.30258509299 2.30258509299 2.30258509299 2.30258509299 2.30258509299 2.30258509299 2.30258509299 2.30258509299 2.30258509299 2.30258509299 2.30258509299 -4.34610447616 -4.0005763588 1.11665964323 1.54796772507 1.92637928983 2.83745517037 4.08338327298 3.79040016286 3.55374378058 2.91763701614 3.16093181961 4.67446987794 5.86673176822 5.50019507185 3.15941205294 2.72706447516 2.52679019258 2.72362355144 1.5119450697 -4.3578898049 2.30258509299 2.30258509299 2.30258509299 2.30258509299 2.30258509299 2.30258509299 2.30258509299
2.30258509299 2.30258509299 2.30258509299 2.30258509299 2.30258509299 2.30258509299 2.30258509299 2.30258509299 2.30258509299 2.30258509299 -9999 -9999 -9999 -9999 2.30258509299 2.30258509299 2.30258509299 2.30258509299 2.30258509299 2.30258509299 2.30258509299 2.30258509299 2.30258509299 2.30258509299 2.30258509299 2.30258509299 2.30258509299 2.30258509299 2.30258509299 2.30258509299 2.30258509299 2.30258509299 2.30258509299 2.30258509299 2.30258509299 2.30258509299 2.30258509299 -4.35062705557 -4.00509422767 1.10004674912 1.54796772507 2.96667336267 3.77957179583 3.37909719381 3.32851075632 2.7627375501 2.96102357365 3.04954555913 5.38856149244 5.89896541091 3.86517383956 2.75867729517 2.7038854282 2.56972610206 1.45547557547 -4.36167300187 2.30258509299 2.30258509299 2.30258509299 2.30258509299 2.30258509299 2.30258509299
2.30258509299 2.30258509299 2.30258509299 2.30258509299 2.30258509299 2.30258509299 2.30258509299 2.30258509299 2.30258509299 2.30258509299 2.30258509299 -9999 -9999 -9999 -9999 2.30258509299 2.30258509299 2.30258509299 2.30258509299 2.30258509299 2.30258509299 2.30258509299 2.30258509299 2.30258509299 2.30258509299 2.30258509299 2.30258509299 2.30258509299 2.30258509299 2.30258509299 2.30258509299 2.30258509299 2.30258509299 2.30258509299 2.30258509299 2.30258509299 2.30258509299 2.30258509299 2.30258509299 -4.35443787453 -4.00821004234 1.10004674912 2.8841570446 3.9293189763 3.1154880665 3.39713990215 2.1542773955 2.54068826801 3.16769733562 4.99996841722 5.66943916761 4.62524107948 2.66889874579 2.42884991421 2.39838169048 1.86917407342 -4.36441564999 2.30258509299 2.30258509299 2.30258509299 2.30258509299 2.30258509299
2.30258509299 2.30258509299 2.30258509299 2.30258509299 2.30258509299 2.30258509299 2.30258509299 2.30258509299 2.30258509299 2.30258509299 2.30258509299 2.30258509299 -9999 -9999 -9999 -9999 2.30258509299 2.30258509299 2.30258509299 2.30258509299 2.30258509299 2.30258509299 2.30258509299 2.30258509299 2.30258509299 2.30258509299 2.30258509299 2.30258509299 2.30258509299 2.30258509299 2.30258509299 2.30258509299 2.30258509299 2.30258509299 2.30258509299 2.30258509299 2.30258509299 2.30258509299 2.30258509299 2.30258509299 2.30258509299 -4.35823422627 -4.01200510779 2.81346599911 3.76598940172 3.24209103521 3.14620717846 2.24518280751 2.57909066497 2.83682974125 3.81139786805 6.32767304374 5.04065461495 2.52746130926 2.7628427299 2.46876262048 1.79328302128 -4.36680914263 2.30258509299 2.30258509299 2.30258509299 2.30258509299
2.30258509299 2.30258509299 2.30258509299 2.30258509299 2.30258509299 2.30258509299 2.30258509299 2.30258509299 2.30258509299 2.30258509299 2.30258509299 2.30258509299 2.30258509299 -9999 -9999 -9999 -9999 2.30258509299 2.30258509299 2.30258509299 2.30258509299 2.30258509299 2.30258509299 2.30258509299 2.30258509299 2.30258509299 2.30258509299 2.30258509299 2.30258509299 2.30258509299 2.30258509299 2.30258509299 2.30258509299 2.30258509299 2.30258509299 2.30258509299 2.30258509299 2.30258509299 2.30258509299 2.30258509299 2.30258509299 2.30258509299 2.30258509299 -3.87243652715 2.89124673443 4.03905893794 3.20698777093 3.02251058103 2.11831185999 2.83972097437 2.67021480161 3.12224336969 5.46047900637 5.58426033258 3.45268552065 2.91020438004 2.76934434569 1.37781942781 -4.36953766283 2.30258509299 2.30258509299 2.30258509299
2.30258509299 2.30258509299 2.30258509299 2.30258509299 2.30258509299 2.30258509299 2.30258509299 2.30258509299 2.30258509299 2.30258509299 2.30258509299 2.30258509299 2.30258509299 2.30258509299 -9999 -9999 -9999 -9999 2.30258509299 2.30258509299 2.30258509299 2.30258509299 2.30258509299 2.30258509299 2.30258509299 2.30258509299 2.30258509299 2.30258509299 2.30258509299 2.30258509299 2.30258509299 2.30258509299 2.30258509299 2.30258509299 2.30258509299 2.30258509299 2.30258509299 2.30258509299 2.30258509299 2.30258509299 2.30258509299 2.30258509299 2.30258509299 2.30258509299 -4.36441564999 2.91132140206 3.73410510171 3.31140533531 2.88839724831 2.24638798615 2.89241425838 2.49590058931 3.29741665282 4.71313199771 5.67228181082 4.03855475405 3.46698993603 2.69399426355 1.8189998977 -4.37259845961 2.30258509299 2.30258509299
2.30258509299 2.30258509299 2.30258509299 2.30258509299 2.30258509299 2.30258509299 2.30258509299 2.30258509299 2.30258509299 2.30258509299 2.30258509299 2.30258509299 2.30258509299 2.30258509299 2.30258509299 -9999 -9999 -9999 -9999 2.30258509299 2.30258509299 2.30258509299 2.30258509299 2.30258509299 2.30258509299 2.30258509299 2.30258509299 2.30258509299 2.30258509299 2.30258509299 2.30258509299 2.30258509299 2.30258509299 2.30258509299 2.30258509299 2.30258509299 2.30258509299 2.30258509299 2.30258509299 2.30258509299 2.30258509299 2.30258509299 2.30258509299 2.30258509299 2.30258509299 -4.36715060297 -2.33814411684 3.91933665465 3.5360091947 2.77495036254 2.3594167059 3.12684393975 2.80434689582 3.11084527705 4.38992014037 5.96632015851 3.96926346711 3.51813476528 2.84048229664 1.97759676818 -4.37564982052 2.30258509299
2.30258509299 2.30258509299 2.30258509299 2.30258509299 2.30258509299 2.30258509299 2.30258509299 2.30258509299 2.30258509299 2.30258509299 2.30258509299 2.30258509299 2.30258509299 2.30258509299 2.30258509299 2.30258509299 -9999 -9999 -9999 -9999 2.30258509299 2.30258509299 2.30258509299 2.30258509299 2.30258509299 2.30258509299 2.30258509299 2.30258509299 2.30258509299 2.30258509299 2.30258509299 2.30258509299 2.30258509299 2.30258509299 2.30258509299 2.30258509299 2.30258509299 2.30258509299 2.30258509299 2.30258509299 2.30258509299 2.30258509299 2.30258509299 2.30258509299 2.30258509299 2.30258509299 2.30258509299 -2.12602180496 4.14852363911 3.27388506365 2.97679057751 2.8901812647 2.85957445872 2.89676716487 3.47284788696 4.64006836057 5.91238283218 3.76367583547 3.39284293429 2.69622717885 2.13984655567 -4.37835426179
2.30258509299 2.30258509299 2.30258509299 2.30258509299 2.30258509299 2.30258509299 2.30258509299 2.30258509299 2.30258509299 2.30258509299 2.30258509299 2.30258509299 2.30258509299 2.30258509299 2.30258509299 2.30258509299 2.30258509299 -9999 -9999 -9999 -9999 2.30258509299 2.30258509299 2.30258509299 2.30258509299 2.30258509299 2.30258509299 2.30258509299 2.30258509299 2.30258509299 2.30258509299 2.30258509299 2.30258509299 2.30258509299 2.30258509299 2.30258509299 2.30258509299 2.30258509299 2.30258509299 2.30258509299 2.30258509299 2.30258509299 2.30258509299 2.30258509299 2.30258509299 2.30258509299 2.30258509299 2.30258509299 -2.18831017463 4.38605730047 3.36007572797 2.9293752524 2.15868987609 3.14733609908 3.57327199515 3.54967689708 4.17859798362 5.90227722135 3.23171602572 2.54933598118 2.73481106037 2.62005023345
-4.38105150424 2.30258509299 2.30258509299 2.30258509299 2.30258509299 2.30258509299 2.30258509299 2.30258509299 2.30258509299 2.30258509299 2.30258509299 2.30258509299 2.30258509299 2.30258509299 2.30258509299 2.30258509299 2.30258509299 2.30258509299 -9999 -9999 -9999 -9999 2.30258509299 2.30258509299 2.30258509299 2.30258509299 2.30258509299 2.30258509299 2.30258509299 2.30258509299 2.30258509299 2.30258509299 2.30258509299 2.30258509299 2.30258509299 2.30258509299 2.30258509299 2.30258509299 2.30258509299 2.30258509299 2.30258509299 2.30258509299 2.30258509299 2.30258509299 2.30258509299 2.30258509299 2.30258509299 2.30258509299 2.30258509299 -3.00110217959 4.7336357921 3.38006204411 2.62656051703 2.67639058916 3.2636657921 3.42220959095 3.39253964154 4.23275726758 5.84684884828 3.33872259821 2.29412750616 2.8807662365
2.29677022431 -4.38441283496 2.30258509299 2.30258509299 2.30258509299 2.30258509299 2.30258509299 2.30258509299 2.30258509299 2.30258509299 2.30258509299 2.30258509299 2.30258509299 2.30258509299 2.30258509299 2.30258509299 2.30258509299 2.30258509299 2.30258509299 -9999 -9999 -9999 -9999 2.30258509299 2.30258509299 2.30258509299 2.30258509299 2.30258509299 2.30258509299 2.30258509299 2.30258509299 2.30258509299 2.30258509299 2.30258509299 2.30258509299 2.30258509299 2.30258509299 2.30258509299 2.30258509299 2.30258509299 2.30258509299 2.30258509299 2.30258509299 2.30258509299 2.30258509299 2.30258509299 2.30258509299 2.30258509299 2.30258509299 2.30258509299 -4.3797038402 4.45548407559 3.1424063237 2.55800709133 2.33149344911 2.98506344323 3.88186695959 2.91854916244 4.23814309604 5.69924856521 2.98924444846 2.20184500617
2.42698128424 2.58114435323 -4.38709390208 2.30258509299 2.30258509299 2.30258509299 2.30258509299 2.30258509299 2.30258509299 2.30258509299 2.30258509299 2.30258509299 2.30258509299 2.30258509299 2.30258509299 2.30258509299 2.30258509299 2.30258509299 2.30258509299 2.30258509299 -9999 -9999 -9999 -9999 2.30258509299 2.30258509299 2.30258509299 2.30258509299 2.30258509299 2.30258509299 2.30258509299 2.30258509299 2.30258509299 2.30258509299 2.30258509299 2.30258509299 2.30258509299 2.30258509299 2.30258509299 2.30258509299 2.30258509299 2.30258509299 2.30258509299 2.30258509299 2.30258509299 2.30258509299 2.30258509299 2.30258509299 2.30258509299 2.30258509299 2.30258509299 -3.44357992547 3.9724881675 3.17680699335 2.74264218768 2.23306712327 2.80640829828 3.53164031861 2.98883532755 4.10787846613 5.85843576329 3.21337348543
2.06941686476 2.39357230395 2.56457164711 -4.38943378809 2.30258509299 2.30258509299 2.30258509299 2.30258509299 2.30258509299 2.30258509299 2.30258509299 2.30258509299 2.30258509299 2.30258509299 2.30258509299 2.30258509299 2.30258509299 2.30258509299 2.30258509299 2.30258509299 2.30258509299 -9999 -9999 -9999 -9999 2.30258509299 2.30258509299 2.30258509299 2.30258509299 2.30258509299 2.30258509299 2.30258509299 2.30258509299 2.30258509299 2.30258509299 2.30258509299 2.30258509299 2.30258509299 2.30258509299 2.30258509299 2.30258509299 2.30258509299 2.30258509299 2.30258509299 2.30258509299 2.30258509299 2.30258509299 2.30258509299 2.30258509299 2.30258509299 2.30258509299 2.30258509299 -3.67958306513 3.81616739412 2.99202673187 2.5301015533 2.36411144499 2.94842619068 3.14628703101 3.07561677197 4.19361902467 5.71828831059
3.99817922374 2.62358037452 2.10451121728 2.01650989609 -4.22602024352 2.30258509299 2.30258509299 2.30258509299 2.30258509299 2.30258509299 2.30258509299 2.30258509299 2.30258509299 2.30258509299 2.30258509299 2.30258509299 2.30258509299 2.30258509299 2.30258509299 2.30258509299 2.30258509299 2.30258509299 -9999 -9999 -9999 -9999 2.30258509299 2.30258509299 2.30258509299 2.30258509299 2.30258509299 2.30258509299 2.30258509299 2.30258509299 2.30258509299 2.30258509299 2.30258509299 2.30258509299 2.30258509299 2.30258509299 2.30258509299 2.30258509299 2.30258509299 2.30258509299 2.30258509299 2.30258509299 2.30258509299 2.30258509299 2.30258509299 2.30258509299 2.30258509299 2.30258509299 2.30258509299 -3.53544201131 3.40058217533 2.84426855465 2.59334497345 2.32813030174 2.68216011575 3.01872358408 3.3376560464 4.20207041245
5.86085773926 4.12925672067 2.2416939407 2.30864755222 1.65925419393 -4.39442965714 2.30258509299 2.30258509299 2.30258509299 2.30258509299 2.30258509299 2.30258509299 2.30258509299 2.30258509299 2.30258509299 2.30258509299 2.30258509299 2.30258509299 2.30258509299 2.30258509299 2.30258509299 2.30258509299 2.30258509299 -9999 -9999 -9999 -9999 2.30258509299 2.30258509299 2.30258509299 2.30258509299 2.30258509299 2.30258509299 2.30258509299 2.30258509299 2.30258509299 2.30258509299 2.30258509299 2.30258509299 2.30258509299 2.30258509299 2.30258509299 2.30258509299 2.30258509299 2.30258509299 2.30258509299 2.30258509299 2.30258509299 2.30258509299 2.30258509299 2.30258509299 2.30258509299 2.30258509299 2.30258509299 -3.73915434012 2.97888643408 2.96175334066 2.43261219174 2.35545846484 2.90063188888 3.23490418121 3.57805940576
4.00884409684 5.36621304608 4.50155989332 2.36564262198 1.93936930939 -4.05117281671 -4.39708394403 2.30258509299 2.30258509299 2.30258509299 2.30258509299 2.30258509299 2.30258509299 2.30258509299 2.30258509299 2.30258509299 2.30258509299 2.30258509299 2.30258509299 2.30258509299 2.30258509299 2.30258509299 2.30258509299 2.30258509299 -9999 -9999 -9999 -9999 2.30258509299 2.30258509299 2.30258509299 2.30258509299 2.30258509299 2.30258509299 2.30258509299 2.30258509299 2.30258509299 2.30258509299 2.30258509299 2.30258509299 2.30258509299 2.30258509299 2.30258509299 2.30258509299 2.30258509299 2.30258509299 2.30258509299 2.30258509299 2.30258509299 2.30258509299 2.30258509299 2.30258509299 2.30258509299 2.30258509299 2.30258509299 -3.2657529607 2.60203298715 2.7955781573 2.89560284171 2.50252668552 2.88021183157 3.18963171334
3.33812873981 3.42692142278 5.26917284336 5.24289271127 1.922427437 1.47003591213 -4.40006160795 2.30258509299 2.30258509299 2.30258509299 2.30258509299 2.30258509299 2.30258509299 2.30258509299 2.30258509299 2.30258509299 2.30258509299 2.30258509299 2.30258509299 2.30258509299 2.30258509299 2.30258509299 2.30258509299 2.30258509299 2.30258509299 -9999 -9999 -9999 -9999 2.30258509299 2.30258509299 2.30258509299 2.30258509299 2.30258509299 2.30258509299 2.30258509299 2.30258509299 2.30258509299 2.30258509299 2.30258509299 2.30258509299 2.30258509299 2.30258509299 2.30258509299 2.30258509299 2.30258509299 2.30258509299 2.30258509299 2.30258509299 2.30258509299 2.30258509299 2.30258509299 2.30258509299 2.30258509299 2.30258509299 2.30258509299 -3.65871542917 2.48933777628 2.61712562635 2.80213163759 2.20785094663 2.81330755389
3.36046857739 2.87992187076 3.47653831297 4.58166125287 4.93294900704 2.46407881187 -4.05579784165 -4.4027010077 2.30258509299 2.30258509299 2.30258509299 2.30258509299 2.30258509299 2.30258509299 2.30258509299 2.30258509299 2.30258509299 2.30258509299 2.30258509299 2.30258509299 2.30258509299 2.30258509299 2.30258509299 2.30258509299 2.30258509299 2.30258509299 -9999 -9999 -9999 -9999 2.30258509299 2.30258509299 2.30258509299 2.30258509299 2.30258509299 2.30258509299 2.30258509299 2.30258509299 2.30258509299 2.30258509299 2.30258509299 2.30258509299 2.30258509299 2.30258509299 2.30258509299 2.30258509299 2.30258509299 2.30258509299 2.30258509299 2.30258509299 2.30258509299 2.30258509299 2.30258509299 2.30258509299 2.30258509299 2.30258509299 2.30258509299 -3.6788969906 2.07910936057 2.58946606223 2.72567251175 2.04712727702
2.93936332185 3.14386320515 2.69458576534 3.65220410946 4.30190297341 4.98176439595 2.62297777352 -4.40500479327 2.30258509299 2.30258509299 2.30258509299 2.30258509299 2.30258509299 2.30258509299 2.30258509299 2.30258509299 2.30258509299 2.30258509299 2.30258509299 2.30258509299 2.30258509299 2.30258509299 2.30258509299 2.30258509299 2.30258509299 2.30258509299 2.30258509299 -9999 -9999 -9999 -9999 2.30258509299 2.30258509299 2.30258509299 2.30258509299 2.30258509299 2.30258509299 2.30258509299 2.30258509299 2.30258509299 2.30258509299 2.30258509299 2.30258509299 2.30258509299 2.30258509299 2.30258509299 2.30258509299 2.30258509299 2.30258509299 2.30258509299 2.30258509299 2.30258509299 2.30258509299 2.30258509299 2.30258509299 2.30258509299 2.30258509299 2.30258509299 -3.54928845755 2.04917609429 2.4125863597 2.4478715808
2.32589078483 2.75348981287 2.9634406745 3.20178241148 3.31516025508 4.17055952952 4.41226063079 2.66600013969 -4.40763119525 2.30258509299 2.30258509299 2.30258509299 2.30258509299 2.30258509299 2.30258509299 2.30258509299 2.30258509299 2.30258509299 2.30258509299 2.30258509299 2.30258509299 2.30258509299 2.30258509299 2.30258509299 2.30258509299 2.30258509299 2.30258509299 2.30258509299 -9999 -9999 -9999 -9999 2.30258509299 2.30258509299 2.30258509299 2.30258509299 2.30258509299 2.30258509299 2.30258509299 2.30258509299 2.30258509299 2.30258509299 2.30258509299 2.30258509299 2.30258509299 2.30258509299 2.30258509299 2.30258509299 2.30258509299 2.30258509299 2.30258509299 2.30258509299 2.30258509299 2.30258509299 2.30258509299 2.30258509299 2.30258509299 2.30258509299 2.30258509299 -3.96345902797 2.29076085584 2.32611921742
2.35514540883 2.36707378589 2.65202546177 2.64383818418 3.04526706514 3.45511646284 4.22411414823 4.21998684385 2.42610669622 -4.41090450389 2.30258509299 2.30258509299 2.30258509299 2.30258509299 2.30258509299 2.30258509299 2.30258509299 2.30258509299 2.30258509299 2.30258509299 2.30258509299 2.30258509299 2.30258509299 2.30258509299 2.30258509299 2.30258509299 2.30258509299 2.30258509299 2.30258509299 -9999 -9999 -9999 -9999 2.30258509299 2.30258509299 2.30258509299 2.30258509299 2.30258509299 2.30258509299 2.30258509299 2.30258509299 2.30258509299 2.30258509299 2.30258509299 2.30258509299 2.30258509299 2.30258509299 2.30258509299 2.30258509299 2.30258509299 2.30258509299 2.30258509299 2.30258509299 2.30258509299 2.30258509299 2.30258509299 2.30258509299 2.30258509299 2.30258509299 2.30258509299 -3.73277557608 2.12744150558
2.30797165171 1.9791532174 2.29557264947 2.40969757523 2.5895929265 2.771075314 3.42269819462 4.06088831913 3.6960973219 2.16609871307 -4.41351547662 2.30258509299 2.30258509299 2.30258509299 2.30258509299 2.30258509299 2.30258509299 2.30258509299 2.30258509299 2.30258509299 2.30258509299 2.30258509299 2.30258509299 2.30258509299 2.30258509299 2.30258509299 2.30258509299 2.30258509299 2.30258509299 2.30258509299 -9999 -9999 -9999 -9999 2.30258509299 2.30258509299 2.30258509299 2.30258509299 2.30258509299 2.30258509299 2.30258509299 2.30258509299 2.30258509299 2.30258509299 2.30258509299 2.30258509299 2.30258509299 2.30258509299 2.30258509299 2.30258509299 2.30258509299 2.30258509299 2.30258509299 2.30258509299 2.30258509299 2.30258509299 2.30258509299 2.30258509299 2.30258509299 2.30258509299 2.30258509299 -3.81574326243
2.2597063038 2.08966768695 1.89599266226 2.19683290997 2.22067297432 2.37199219185 2.75063903 3.41356754221 3.83811572921 3.67934943377 -3.25644642115 -4.41676961196 2.30258509299 2.30258509299 2.30258509299 2.30258509299 2.30258509299 2.30258509299 2.30258509299 2.30258509299 2.30258509299 2.30258509299 2.30258509299 2.30258509299 2.30258509299 2.30258509299 2.30258509299 2.30258509299 2.30258509299 2.30258509299 2.30258509299 -9999 -9999 -9999 -9999 2.30258509299 2.30258509299 2.30258509299 2.30258509299 2.30258509299 2.30258509299 2.30258509299 2.30258509299 2.30258509299 2.30258509299 2.30258509299 2.30258509299 2.30258509299 2.30258509299 2.30258509299 2.30258509299 2.30258509299 2.30258509299 2.30258509299 2.30258509299 2.30258509299 2.30258509299 2.30258509299 2.30258509299 2.30258509299 2.30258509299 2.30258509299
-4.30688759068 2.09240131088 2.06861641798 1.96753511451 1.929615371 2.20620673739 2.5035875367 2.76793977345 3.11651051301 3.50634398671 3.60112657603 -3.68533227293 2.30258509299 2.30258509299 2.30258509299 2.30258509299 2.30258509299 2.30258509299 2.30258509299 2.30258509299 2.30258509299 2.30258509299 2.30258509299 2.30258509299 2.30258509299 2.30258509299 2.30258509299 2.30258509299 2.30258509299 2.30258509299 2.30258509299 2.30258509299 -9999 -9999 -9999 -9999 2.30258509299 2.30258509299 2.30258509299 2.30258509299 2.30258509299 2.30258509299 2.30258509299 2.30258509299 2.30258509299 2.30258509299 2.30258509299 2.30258509299 2.30258509299 2.30258509299 2.30258509299 2.30258509299 2.30258509299 2.30258509299 2.30258509299 2.30258509299 2.30258509299 2.30258509299 2.30258509299 2.30258509299 2.30258509299 2.30258509299
2.30258509299 -4.4344805445 1.35110730028 1.67551398432 1.95651534372 1.92923338143 2.10636076225 2.51584022734 2.12795780638 3.33167743112 3.12507536277 3.45498554685 -3.39495284777 2.30258509299 2.30258509299 2.30258509299 2.30258509299 2.30258509299 2.30258509299 2.30258509299 2.30258509299 2.30258509299 2.30258509299 2.30258509299 2.30258509299 2.30258509299 2.30258509299 2.30258509299 2.30258509299 2.30258509299 2.30258509299 2.30258509299 2.30258509299 -9999 -9999 -9999 -9999 2.30258509299 2.30258509299 2.30258509299 2.30258509299 2.30258509299 2.30258509299 2.30258509299 2.30258509299 2.30258509299 2.30258509299 2.30258509299 2.30258509299 2.30258509299 2.30258509299 2.30258509299 2.30258509299 2.30258509299 2.30258509299 2.30258509299 2.30258509299 2.30258509299 2.30258509299 2.30258509299 2.30258509299 2.30258509299
2.30258509299 2.30258509299 -4.43766736452 -4.09204776767 1.29307032926 1.75304472919 1.58386304031 1.93103646661 2.22446013639 2.52954420781 2.88479192344 3.12005573604 3.2618847921 -3.14997477438 2.30258509299 2.30258509299 2.30258509299 2.30258509299 2.30258509299 2.30258509299 2.30258509299 2.30258509299 2.30258509299 2.30258509299 2.30258509299 2.30258509299 2.30258509299 2.30258509299 2.30258509299 2.30258509299 2.30258509299 2.30258509299 2.30258509299 2.30258509299 -9999 -9999 -9999 -9999 2.30258509299 2.30258509299 2.30258509299 2.30258509299 2.30258509299 2.30258509299 2.30258509299 2.30258509299 2.30258509299 2.30258509299 2.30258509299 2.30258509299 2.30258509299 2.30258509299 2.30258509299 2.30258509299 2.30258509299 2.30258509299 2.30258509299 2.30258509299 2.30258509299 2.30258509299 2.30258509299 2.30258509299
2.30258509299 2.30258509299 2.30258509299 2.30258509299 -4.44147806527 -4.09522143087 1.20110889268 1.46338571842 1.67213674069 1.99136177599 2.30513612976 2.64194933758 2.8578960355 3.2134971424 -3.31398311155 2.30258509299 2.30258509299 2.30258509299 2.30258509299 2.30258509299 2.30258509299 2.30258509299 2.30258509299 2.30258509299 2.30258509299 2.30258509299 2.30258509299 2.30258509299 2.30258509299 2.30258509299 2.30258509299 2.30258509299 2.30258509299 2.30258509299 2.30258509299 -9999 -9999 -9999 -9999 2.30258509299 2.30258509299 2.30258509299 2.30258509299 2.30258509299 2.30258509299 2.30258509299 2.30258509299 2.30258509299 2.30258509299 2.30258509299 2.30258509299 2.30258509299 2.30258509299 2.30258509299 2.30258509299 2.30258509299 2.30258509299 2.30258509299 2.30258509299 2.30258509299 2.30258509299 2.30258509299
2.30258509299 2.30258509299 2.30258509299 2.30258509299 2.30258509299 2.30258509299 -4.44495850414 -4.09933209108 1.12346239211 1.29449757004 1.71749341464 1.82164795738 2.38861759616 2.93141943641 2.98334396868 -3.21776054864 2.30258509299 2.30258509299 2.30258509299 2.30258509299 2.30258509299 2.30258509299 2.30258509299 2.30258509299 2.30258509299 2.30258509299 2.30258509299 2.30258509299 2.30258509299 2.30258509299 2.30258509299 2.30258509299 2.30258509299 2.30258509299 2.30258509299 2.30258509299 -9999 -9999 -9999 -9999 2.30258509299 2.30258509299 2.30258509299 2.30258509299 2.30258509299 2.30258509299 2.30258509299 2.30258509299 2.30258509299 2.30258509299 2.30258509299 2.30258509299 2.30258509299 2.30258509299 2.30258509299 2.30258509299 2.30258509299 2.30258509299 2.30258509299 2.30258509299 2.30258509299 2.30258509299
2.30258509299 2.30258509299 2.30258509299 2.30258509299 2.30258509299 2.30258509299 2.30258509299 2.30258509299 -4.44779716964 -4.10216802277 1.0871428197 1.36213992846 1.74553313629 2.34876877077 2.46716986753 2.83464435367 -3.6132320944 2.30258509299 2.30258509299 2.30258509299 2.30258509299 2.30258509299 2.30258509299 2.30258509299 2.30258509299 2.30258509299 2.30258509299 2.30258509299 2.30258509299 2.30258509299 2.30258509299 2.30258509299 2.30258509299 2.30258509299 2.30258509299 2.30258509299 2.30258509299 -9999 -9999 -9999 -9999 2.30258509299 2.30258509299 2.30258509299 2.30258509299 2.30258509299 2.30258509299 2.30258509299 2.30258509299 2.30258509299 2.30258509299 2.30258509299 2.30258509299 2.30258509299 2.30258509299 2.30258509299 2.30258509299 2.30258509299 2.30258509299 2.30258509299 2.30258509299 2.30258509299
2.30258509299 2.30258509299 2.30258509299 2.30258509299 2.30258509299 2.30258509299 2.30258509299 2.30258509299 2.30258509299 2.30258509299 -4.45062779992 -4.10468224273 1.01878733588 1.50446819648 2.11193124254 2.2357636898 2.51439035449 -3.55750267746 2.30258509299 2.30258509299 2.30258509299 2.30258509299 2.30258509299 2.30258509299 2.30258509299 2.30258509299 2.30258509299 2.30258509299 2.30258509299 2.30258509299 2.30258509299 2.30258509299 2.30258509299 2.30258509299 2.30258509299 2.30258509299 2.30258509299 2.30258509299 -9999 -9999 -9999 -9999 2.30258509299 2.30258509299 2.30258509299 2.30258509299 2.30258509299 2.30258509299 2.30258509299 2.30258509299 2.30258509299 2.30258509299 2.30258509299 2.30258509299 2.30258509299 2.30258509299 2.30258509299 2.30258509299 2.30258509299 2.30258509299 2.30258509299 2.30258509299
2.30258509299 2.30258509299 2.30258509299 2.30258509299 2.30258509299 2.30258509299 2.30258509299 2.30258509299 2.30258509299 2.30258509299 2.30258509299 2.30258509299 -4.45345052913 -4.1068769018 1.2352494735 1.8055996653 1.85687656118 2.32406314481 -3.71001640964 2.30258509299 2.30258509299 2.30258509299 2.30258509299 2.30258509299 2.30258509299 2.30258509299 2.30258509299 2.30258509299 2.30258509299 2.30258509299 2.30258509299 2.30258509299 2.30258509299 2.30258509299 2.30258509299 2.30258509299 2.30258509299 2.30258509299 2.30258509299 -9999 -9999 -9999 -9999 2.30258509299 2.30258509299 2.30258509299 2.30258509299 2.30258509299 2.30258509299 2.30258509299 2.30258509299 2.30258509299 2.30258509299 2.30258509299 2.30258509299 2.30258509299 2.30258509299 2.30258509299 2.30258509299 2.30258509299 2.30258509299 2.30258509299
2.30258509299 2.30258509299 2.30258509299 2.30258509299 2.30258509299 2.30258509299 2.30258509299 2.30258509299 2.30258509299 2.30258509299 2.30258509299 2.30258509299 2.30258509299 2.30258509299 -4.45595279273 1.01878733588 1.31987208204 1.51984285191 2.05624408176 -4.10416971785 2.30258509299 2.30258509299 2.30258509299 2.30258509299 2.30258509299 2.30258509299 2.30258509299 2.30258509299 2.30258509299 2.30258509299 2.30258509299 2.30258509299 2.30258509299 2.30258509299 2.30258509299 2.30258509299 2.30258509299 2.30258509299 2.30258509299 2.30258509299 -9999 -9999 -9999 -9999 2.30258509299 2.30258509299 2.30258509299 2.30258509299 2.30258509299 2.30258509299 2.30258509299 2.30258509299 2.30258509299 2.30258509299 2.30258509299 2.30258509299 2.30258509299 2.30258509299 2.30258509299 2.30258509299 2.30258509299 2.30258509299
2.30258509299 2.30258509299 2.30258509299 2.30258509299 2.30258509299 2.30258509299 2.30258509299 2.30258509299 2.30258509299 2.30258509299 2.30258509299 2.30258509299 2.30258509299 2.30258509299 2.30258509299 -4.45813723726 -4.11280979273 1.05031638616 0.923018147358 1.38574531468 -4.15138665282 2.30258509299 2.30258509299 2.30258509299 2.30258509299 2.30258509299 2.30258509299 2.30258509299 2.30258509299 2.30258509299 2.30258509299 2.30258509299 2.30258509299 2.30258509299 2.30258509299 2.30258509299 2.30258509299 2.30258509299 2.30258509299 2.30258509299 2.30258509299 -9999 -9999 -9999 -9999 2.30258509299 2.30258509299 2.30258509299 2.30258509299 2.30258509299 2.30258509299 2.30258509299 2.30258509299 2.30258509299 2.30258509299 2.30258509299 2.30258509299 2.30258509299 2.30258509299 2.30258509299 2.30258509299 2.30258509299
2.30258509299 2.30258509299 2.30258509299 2.30258509299 2.30258509299 2.30258509299 2.30258509299 2.30258509299 2.30258509299 2.30258509299 2.30258509299 2.30258509299 2.30258509299 2.30258509299 2.30258509299 2.30258509299 2.30258509299 -4.46124966822 -4.46187095841 -4.11467600856 0.936972469931 -4.45907201945 2.30258509299 2.30258509299 2.30258509299 2.30258509299 2.30258509299 2.30258509299 2.30258509299 2.30258509299 2.30258509299 2.30258509299 2.30258509299 2.30258509299 2.30258509299 2.30258509299 2.30258509299 2.30258509299 2.30258509299 2.30258509299 2.30258509299 2.30258509299 -9999 -9999 -9999 -9999 -9999 -9999 -9999 -9999 -9999 -9999 -9999 -9999 -9999 -9999 -9999 -9999 -9999 -9999 -9999 -9999
-9999 -9999 -9999 -9999 -9999 -9999 -9999 -9999 -9999 -9999 -9999 -9999 -9999 -9999 -9999 -9999 -9999 -9999 -9999 -9999 -9999 -9999 -9999 -9999 -9999 -9999 -9999 -9999 -9999 -9999 -9999 -9999 -9999 -9999 -9999 -9999 -9999 -9999 -9999 -9999 -9999 -9999 -9999 -9999 -9999 -9999 -9999 -9999 -9999 -9999 -9999 -9999 -9999 -9999 -9999 -9999 -9999 -9999 -9999 -9999 -9999 -9999
-9999 -9999 -9999 -9999 -9999 -9999 -9999 -9999 -9999 -9999 -9999 -9999 -9999 -9999 -9999 -9999 -9999 -9999 -9999 -9999 -9999 -9999 -9999 -9999 -9999 -9999 -9999 -9999 -9999 -9999 -9999 -9999 -9999 -9999 -9999 -9999 -9999 -9999 -9999 -9999 -9999 -9999 -9999 -9999 -9999 -9999 